#1
# BEV Profile
# ID: 42
# Created: 2023-08-24 13:57:45.265930
# This table contains boolean values. Each value is valid for the time interval until next data point.
float	data(527,3)
0	1	0.0
114420	0	0.0
151380	1	0.1868
197340	0	0.0
242220	1	0.2167
281460	0	0.0
313920	1	0.2667
378780	0	0.0
405600	1	0.2388
462060	0	0.0
494160	1	0.2025
542280	0	0.0
574380	1	0.0375
721920	0	0.0
741660	1	0.3251
805020	0	0.0
831180	1	0.165
891480	0	0.0
913920	1	0.1715
971160	0	0.0
1015740	1	0.1863
1060800	0	0.0
1097580	1	0.0695
1154100	0	0.0
1186440	1	0.0365
1238760	0	0.0
1261740	1	0.0077
1327620	0	0.0
1368720	1	0.1566
1409280	0	0.0
1442400	1	0.023
1588560	0	0.0
1606020	1	0.2183
1932960	0	0.0
1965420	1	0.102
2013360	0	0.0
2035800	1	0.1808
2102820	0	0.0
2133360	1	0.0761
2193240	0	0.0
2216520	1	0.005
2354880	0	0.0
2384700	1	0.0415
2445120	0	0.0
2479980	1	0.0558
2529420	0	0.0
2568720	1	0.157
2707560	0	0.0
2743560	1	0.1937
2792220	0	0.0
2823000	1	0.2649
2878320	0	0.0
2913180	1	0.0062
2963880	0	0.0
2996340	1	0.043
3053280	0	0.0
3086340	1	0.0867
3143640	0	0.0
3162540	1	0.0657
3224760	0	0.0
3246060	1	0.1002
3307020	0	0.0
3336960	1	0.2792
3396120	0	0.0
3422580	1	0.183
3739380	0	0.0
3781080	1	0.1118
3832980	0	0.0
3854880	1	0.299
4093380	0	0.0
4114260	1	0.0679
4259700	0	0.0
4293240	1	0.0304
4351980	0	0.0
4379220	1	0.1976
4521120	0	0.0
4547520	1	0.2639
4686240	0	0.0
4723440	1	0.1925
4947480	0	0.0
4968600	1	0.0225
5042040	0	0.0
5076780	1	0.1202
5122140	0	0.0
5150580	1	0.226
5206860	0	0.0
5244840	1	0.27
5293740	0	0.0
5332140	1	0.3371
5380620	0	0.0
5415540	1	0.0728
5553180	0	0.0
5590740	1	0.1933
5645580	0	0.0
5665260	1	0.2386
5739300	0	0.0
5757480	1	0.2695
5815800	0	0.0
5851320	1	0.15
5904780	0	0.0
5933280	1	0.2132
5994960	0	0.0
6023040	1	0.0272
6161820	0	0.0
6190500	1	0.5018
6245520	0	0.0
6269700	1	0.316
6339660	0	0.0
6367680	1	0.0089
6421140	0	0.0
6442920	1	0.2095
6599340	0	0.0
6611280	1	0.0556
6679020	0	0.0
6700500	1	0.1268
6774360	0	0.0
6798840	1	0.225
6861900	0	0.0
6877380	1	0.2384
7031640	0	0.0
7056660	1	0.1465
7118760	0	0.0
7129680	1	0.0927
7368720	0	0.0
7405560	1	0.2181
7461000	0	0.0
7500000	1	0.1601
7632780	0	0.0
7649820	1	0.1985
7719720	0	0.0
7754040	1	0.3411
7797480	0	0.0
7839240	1	0.0373
8068980	0	0.0
8096700	1	0.2184
8151720	0	0.0
8175420	1	0.0363
8240700	0	0.0
8269320	1	0.1073
8322300	0	0.0
8358840	1	0.0944
8497800	0	0.0
8536020	1	0.0558
8575920	0	0.0
8621160	1	0.1882
8673240	0	0.0
8695380	1	0.2797
8757900	0	0.0
8781120	1	0.2021
8843400	0	0.0
8875800	1	0.1869
8929260	0	0.0
8955900	1	0.3461
9012840	0	0.0
9047160	1	0.0269
9188880	0	0.0
9216540	1	0.1348
9278160	0	0.0
9309780	1	0.3572
9358920	0	0.0
9381300	1	0.0691
9440700	0	0.0
9477960	1	0.246
9533280	0	0.0
9557040	1	0.1537
9621960	0	0.0
9646320	1	0.0496
9710160	0	0.0
9722640	1	0.0299
9792540	0	0.0
9819300	1	0.234
9879720	0	0.0
9902400	1	0.0738
9961020	0	0.0
9993960	1	0.346
10137960	0	0.0
10163220	1	0.1592
10304340	0	0.0
10344660	1	0.0174
10397700	0	0.0
10425180	1	0.3123
10487280	0	0.0
10497780	1	0.1588
10738020	0	0.0
10772940	1	0.1515
10826520	0	0.0
10871040	1	0.0581
10917120	0	0.0
10934700	1	0.0749
11009700	0	0.0
11035260	1	0.3168
11077020	0	0.0
11125080	1	0.188
11182080	0	0.0
11200260	1	0.2174
11260620	0	0.0
11289840	1	0.3124
11520780	0	0.0
11556540	1	0.0425
11601540	0	0.0
11635800	1	0.1321
11773500	0	0.0
11812320	1	0.1473
11866020	0	0.0
11883960	1	0.0321
11957520	0	0.0
11984880	1	0.1571
12120780	0	0.0
12157080	1	0.0604
12205740	0	0.0
12244560	1	0.1792
12296820	0	0.0
12336600	1	0.1715
12385440	0	0.0
12422160	1	0.1487
12468900	0	0.0
12500400	1	0.2515
12553740	0	0.0
12585840	1	0.1053
12647160	0	0.0
12677340	1	0.0373
12734520	0	0.0
12749160	1	0.0418
12811680	0	0.0
12847920	1	0.0793
13073280	0	0.0
13100700	1	0.2154
13161120	0	0.0
13191000	1	0.124
13332600	0	0.0
13364040	1	0.0444
13418280	0	0.0
13446360	1	0.1098
13500240	0	0.0
13526460	1	0.1528
13592820	0	0.0
13629780	1	0.111
13677780	0	0.0
13702860	1	0.2217
13772160	0	0.0
13795980	1	0.0986
13936440	0	0.0
13975200	1	0.0508
14028060	0	0.0
14043420	1	0.2333
14114820	0	0.0
14134500	1	0.0451
14198880	0	0.0
14222460	1	0.1059
14284260	0	0.0
14312820	1	0.1339
14376360	0	0.0
14400480	1	0.1207
14537340	0	0.0
14573040	1	0.0649
14629140	0	0.0
14661720	1	0.1435
14804040	0	0.0
14833260	1	0.0411
14883480	0	0.0
14920320	1	0.1951
15068100	0	0.0
15093240	1	0.0184
15235200	0	0.0
15263820	1	0.2002
15408120	0	0.0
15428520	1	0.1585
15493500	0	0.0
15519420	1	0.3767
15583080	0	0.0
15603420	1	0.2182
15668340	0	0.0
15697800	1	0.077
15836940	0	0.0
15859500	1	0.1565
15927300	0	0.0
15951000	1	0.3005
16104720	0	0.0
16127940	1	0.2422
16185420	0	0.0
16221240	1	0.1906
16443900	0	0.0
16482300	1	0.1805
16613580	0	0.0
16654860	1	0.2664
16704120	0	0.0
16735980	1	0.2022
16790640	0	0.0
16827660	1	0.1257
16876500	0	0.0
16908960	1	0.0419
16962720	0	0.0
16990440	1	0.0593
17047260	0	0.0
17089140	1	0.0178
17136000	0	0.0
17178060	1	0.0995
17220420	0	0.0
17258700	1	0.0388
17306280	0	0.0
17324220	1	0.0659
17482380	0	0.0
17520300	1	0.0611
17733540	0	0.0
17766780	1	0.1233
17913420	0	0.0
17939640	1	0.3317
17993520	0	0.0
18026640	1	0.1707
18171600	0	0.0
18197940	1	0.093
18253140	0	0.0
18291780	1	0.2899
18341700	0	0.0
18370920	1	0.1545
18425520	0	0.0
18461040	1	0.0523
18518700	0	0.0
18536760	1	0.3482
18610320	0	0.0
18633780	1	0.0972
18692340	0	0.0
18731520	1	0.048
18862380	0	0.0
18889260	1	0.1351
19122000	0	0.0
19157880	1	0.0261
19212840	0	0.0
19229640	1	0.2153
19463880	0	0.0
19495440	1	0.2389
19555260	0	0.0
19579860	1	0.176
19642140	0	0.0
19669860	1	0.1318
19727280	0	0.0
19747200	1	0.1489
19810500	0	0.0
19844460	1	0.193
19902000	0	0.0
19913520	1	0.1435
19992360	0	0.0
20004240	1	0.0318
20073600	0	0.0
20104560	1	0.1874
20243160	0	0.0
20286600	1	0.1502
20324640	0	0.0
20352660	1	0.1968
20418240	0	0.0
20441220	1	0.1286
20683740	0	0.0
20720460	1	0.069
20761080	0	0.0
20791980	1	0.2856
20848620	0	0.0
20888280	1	0.1463
21024300	0	0.0
21042900	1	0.0615
21114120	0	0.0
21136500	1	0.1097
21193620	0	0.0
21237600	1	0.0714
21285720	0	0.0
21308700	1	0.1662
21364020	0	0.0
21389640	1	0.1098
21459840	0	0.0
21482220	1	0.1427
21539700	0	0.0
21572880	1	0.0336
21627660	0	0.0
21661020	1	0.1867
21885720	0	0.0
21910860	1	0.1352
22143120	0	0.0
22177620	1	0.0695
22239120	0	0.0
22266780	1	0.0946
22409700	0	0.0
22430400	1	0.0548
22579920	0	0.0
22604220	1	0.1268
22668120	0	0.0
22684500	1	0.279
22751760	0	0.0
22781460	1	0.1439
22840860	0	0.0
22880460	1	0.1441
22927320	0	0.0
22957140	1	0.0609
23001240	0	0.0
23025360	1	0.1187
23098380	0	0.0
23127540	1	0.2067
23269200	0	0.0
23304180	1	0.147
23352180	0	0.0
23368440	1	0.2297
23435160	0	0.0
23475180	1	0.2108
23530440	0	0.0
23560980	1	0.0395
23696040	0	0.0
23732580	1	0.1223
23875320	0	0.0
23901900	1	0.1918
24046800	0	0.0
24080760	1	0.0731
24297840	0	0.0
24337140	1	0.1081
24397500	0	0.0
24416220	1	0.168
24478680	0	0.0
24508920	1	0.1591
24650820	0	0.0
24670080	1	0.1749
24993180	0	0.0
25030920	1	0.1368
25085640	0	0.0
25109460	1	0.161
25171560	0	0.0
25208280	1	0.0813
25263660	0	0.0
25288980	1	0.1768
25603980	0	0.0
25625280	1	0.0693
25686540	0	0.0
25717920	1	0.4254
25775580	0	0.0
25809780	1	0.2003
25859580	0	0.0
25891500	1	0.3231
25943940	0	0.0
25967640	1	0.0537
26031180	0	0.0
26068260	1	0.0379
26125020	0	0.0
26148900	1	0.1784
26203320	0	0.0
26244420	1	0.1377
26298240	0	0.0
26314680	1	0.4032
26477640	0	0.0
26493240	1	0.0793
26549280	0	0.0
26577120	1	0.0848
26817840	0	0.0
26828400	1	0.2956
26892660	0	0.0
26927280	1	0.0698
26988480	0	0.0
27009720	1	0.1448
27072720	0	0.0
27096660	1	0.1018
27330660	0	0.0
27347280	1	0.1073
27411900	0	0.0
27442380	1	0.236
27496620	0	0.0
27528360	1	0.1202
27592260	0	0.0
27618840	1	0.0992
27669060	0	0.0
27699120	1	0.0826
27766800	0	0.0
27775920	1	0.0438
27847380	0	0.0
27876600	1	0.0741
27933480	0	0.0
27979080	1	0.1467
28028820	0	0.0
28051260	1	0.0571
28107360	0	0.0
28126080	1	0.1374
28279320	0	0.0
28321800	1	0.1343
28371720	0	0.0
28399380	1	0.063
28540740	0	0.0
28576740	1	0.1145
28630440	0	0.0
28658700	1	0.1035
28716660	0	0.0
28738200	1	0.1531
28791840	0	0.0
28828860	1	0.1818
28885380	0	0.0
28903440	1	0.1165
29055720	0	0.0
29084460	1	0.0956
29144700	0	0.0
29176920	1	0.2074
29232420	0	0.0
29266260	1	0.1188
29407320	0	0.0
29429820	1	0.129
29579280	0	0.0
29611200	1	0.0164
29667720	0	0.0
29688180	1	0.0646
29748960	0	0.0
29782980	1	0.3
29841840	0	0.0
29875920	1	0.0835
29921460	0	0.0
29947380	1	0.2606
30008160	0	0.0
30045420	1	0.0474
30097800	0	0.0
30135060	1	0.1504
30267120	0	0.0
30310740	1	0.0275
30352140	0	0.0
30377760	1	0.2928
30527160	0	0.0
30566160	1	0.075
30620760	0	0.0
30646740	1	0.143
30702360	0	0.0
30731160	1	0.1767
30963960	0	0.0
30985560	1	0.3791
31047060	0	0.0
31079760	1	0.2998
31130160	0	0.0
31161300	1	0.1153
