#1
# BEV Profile
# ID: 117
# Created: 2023-08-24 13:57:46.260468
# This table contains boolean values. Each value is valid for the time interval until next data point.
float	data(529,3)
0	1	0.0
26160	0	0.0
72960	1	0.0271
110580	0	0.0
137820	1	0.1331
204360	0	0.0
227220	1	0.1741
289320	0	0.0
325500	1	0.1333
368460	0	0.0
407520	1	0.0975
457920	0	0.0
501720	1	0.0546
551160	0	0.0
576720	1	0.0374
636420	0	0.0
656220	1	0.0861
719580	0	0.0
749520	1	0.3572
890100	0	0.0
931920	1	0.2788
1070160	0	0.0
1094760	1	0.0403
1324620	0	0.0
1354560	1	0.1442
1410180	0	0.0
1440180	1	0.2233
1497960	0	0.0
1526760	1	0.1408
1584240	0	0.0
1604760	1	0.1145
1670940	0	0.0
1690740	1	0.1468
1935540	0	0.0
1956480	1	0.1242
2023320	0	0.0
2051040	1	0.0599
2104980	0	0.0
2118660	1	0.0415
2358720	0	0.0
2409480	1	0.0198
2448660	0	0.0
2487420	1	0.0723
2532180	0	0.0
2565960	1	0.22
2622660	0	0.0
2648280	1	0.0686
2792100	0	0.0
2831280	1	0.143
2874900	0	0.0
2899980	1	0.3063
3136620	0	0.0
3172320	1	0.0209
3227400	0	0.0
3266520	1	0.126
3314460	0	0.0
3342420	1	0.0505
3401100	0	0.0
3418740	1	0.2783
3489180	0	0.0
3522180	1	0.1992
3565200	0	0.0
3603480	1	0.0169
3745560	0	0.0
3771480	1	0.0434
3828720	0	0.0
3860940	1	0.2524
3915120	0	0.0
3963060	1	0.1009
3996960	0	0.0
4033320	1	0.0552
4086300	0	0.0
4116420	1	0.1309
4174500	0	0.0
4209660	1	0.0438
4350780	0	0.0
4373880	1	0.0581
4520760	0	0.0
4546860	1	0.184
4600920	0	0.0
4650000	1	0.0797
4951140	0	0.0
4978560	1	0.1157
5033100	0	0.0
5063520	1	0.0904
5210760	0	0.0
5235360	1	0.0711
5294640	0	0.0
5323800	1	0.1161
5387400	0	0.0
5411820	1	0.0221
5565660	0	0.0
5585460	1	0.1892
5816580	0	0.0
5850060	1	0.0586
5902140	0	0.0
5934240	1	0.0672
6160200	0	0.0
6191580	1	0.0718
6246180	0	0.0
6287520	1	0.1841
6339600	0	0.0
6365520	1	0.0397
6424140	0	0.0
6450660	1	0.1027
6509460	0	0.0
6537000	1	0.0173
6586260	0	0.0
6615120	1	0.0194
6683880	0	0.0
6706620	1	0.0484
6762960	0	0.0
6805500	1	0.1033
6943380	0	0.0
6978840	1	0.1114
7108320	0	0.0
7143180	1	0.1252
7200600	0	0.0
7227840	1	0.0421
7290660	0	0.0
7320900	1	0.0334
7371240	0	0.0
7392000	1	0.0631
7460640	0	0.0
7483020	1	0.1623
7535940	0	0.0
7574760	1	0.0743
7630680	0	0.0
7662180	1	0.1014
7716720	0	0.0
7744860	1	0.2097
7977840	0	0.0
8015160	1	0.0605
8064180	0	0.0
8083380	1	0.1609
8141520	0	0.0
8174100	1	0.1336
8229900	0	0.0
8263800	1	0.1236
8406420	0	0.0
8432880	1	0.0234
8497980	0	0.0
8530800	1	0.0724
8584860	0	0.0
8611260	1	0.1851
8673660	0	0.0
8695860	1	0.0654
8748360	0	0.0
8790960	1	0.075
8841240	0	0.0
8863500	1	0.0434
8925840	0	0.0
8950680	1	0.0386
9190140	0	0.0
9217740	1	0.0788
9279900	0	0.0
9299700	1	0.0279
9528120	0	0.0
9573120	1	0.1054
9707640	0	0.0
9726900	1	0.0881
9884160	0	0.0
9899940	1	0.1887
10051080	0	0.0
10060380	1	0.2112
10139460	0	0.0
10161000	1	0.098
10223640	0	0.0
10252080	1	0.0553
10306920	0	0.0
10329600	1	0.0201
10401780	0	0.0
10416540	1	0.08
10487760	0	0.0
10505040	1	0.1255
10568280	0	0.0
10611660	1	0.0465
10657860	0	0.0
10680720	1	0.0879
10828440	0	0.0
10863840	1	0.051
10914780	0	0.0
10951680	1	0.0554
11001960	0	0.0
11029440	1	0.16
11092860	0	0.0
11120640	1	0.0634
11517720	0	0.0
11540280	1	0.0444
11608680	0	0.0
11636160	1	0.1328
11692440	0	0.0
11734740	1	0.1611
11778180	0	0.0
11801760	1	0.0928
11872920	0	0.0
11891220	1	0.1441
11956320	0	0.0
11972760	1	0.1726
12038640	0	0.0
12064260	1	0.0543
12125460	0	0.0
12153360	1	0.0598
12211800	0	0.0
12220860	1	0.2163
12299220	0	0.0
12327060	1	0.0853
12388980	0	0.0
12421920	1	0.1168
12470760	0	0.0
12495960	1	0.0198
12557400	0	0.0
12576660	1	0.2839
12727200	0	0.0
12763380	1	0.0632
12809580	0	0.0
12857100	1	0.0702
12903660	0	0.0
12921300	1	0.2255
12989040	0	0.0
13009380	1	0.1083
13076040	0	0.0
13108980	1	0.0472
13162560	0	0.0
13192920	1	0.205
13336440	0	0.0
13366380	1	0.014
13421160	0	0.0
13450740	1	0.1201
13596120	0	0.0
13617540	1	0.0208
13761060	0	0.0
13813800	1	0.0871
14027940	0	0.0
14055900	1	0.1043
14113560	0	0.0
14137200	1	0.1359
14197380	0	0.0
14227560	1	0.2821
14284020	0	0.0
14301420	1	0.0904
14371140	0	0.0
14410200	1	0.0492
14457540	0	0.0
14503860	1	0.1168
14543880	0	0.0
14561820	1	0.0086
14716020	0	0.0
14737140	1	0.0885
14801400	0	0.0
14832060	1	0.091
14888400	0	0.0
14908260	1	0.2609
15062220	0	0.0
15091800	1	0.0707
15238620	0	0.0
15277200	1	0.1058
15322080	0	0.0
15342960	1	0.0269
15412080	0	0.0
15447240	1	0.0602
15493680	0	0.0
15529440	1	0.0566
15582120	0	0.0
15612720	1	0.0282
15661920	0	0.0
15705060	1	0.0467
15758700	0	0.0
15791160	1	0.0485
15844080	0	0.0
15860280	1	0.2042
16094340	0	0.0
16113300	1	0.0839
16187940	0	0.0
16218480	1	0.0557
16272000	0	0.0
16296000	1	0.038
16356660	0	0.0
16383120	1	0.0809
16450020	0	0.0
16480080	1	0.1872
16530360	0	0.0
16560660	1	0.1602
16620060	0	0.0
16648380	1	0.1857
16707960	0	0.0
16719660	1	0.0451
16790340	0	0.0
16827120	1	0.1228
17045760	0	0.0
17069880	1	0.1123
17142300	0	0.0
17163900	1	0.0997
17221440	0	0.0
17247000	1	0.2006
17311500	0	0.0
17325840	1	0.1801
17473320	0	0.0
17504640	1	0.0048
17560260	0	0.0
17599200	1	0.0207
17829840	0	0.0
17851020	1	0.0853
17914560	0	0.0
17941560	1	0.1084
17999580	0	0.0
18023880	1	0.1855
18079980	0	0.0
18111660	1	0.0202
18171780	0	0.0
18194340	1	0.0412
18250320	0	0.0
18287760	1	0.0728
18348900	0	0.0
18375480	1	0.2883
18432600	0	0.0
18464280	1	0.2002
18525900	0	0.0
18541320	1	0.1579
18691200	0	0.0
18719940	1	0.0528
18773340	0	0.0
18809160	1	0.0237
18866220	0	0.0
18881160	1	0.0228
18956820	0	0.0
18986160	1	0.0983
19039560	0	0.0
19070700	1	0.1305
19126200	0	0.0
19156560	1	0.1468
19212660	0	0.0
19231800	1	0.1492
19302480	0	0.0
19314960	1	0.0885
19465920	0	0.0
19494240	1	0.0796
19559040	0	0.0
19581660	1	0.1094
19729500	0	0.0
19750440	1	0.1872
19819500	0	0.0
19849440	1	0.1093
20075940	0	0.0
20100180	1	0.1597
20154060	0	0.0
20198220	1	0.155
20247180	0	0.0
20278920	1	0.1639
20421300	0	0.0
20443500	1	0.063
20594160	0	0.0
20644980	1	0.0783
20763960	0	0.0
20798460	1	0.1115
20852700	0	0.0
20880540	1	0.063
20942580	0	0.0
20953320	1	0.1078
21021360	0	0.0
21047940	1	0.0423
21198660	0	0.0
21235740	1	0.0909
21286020	0	0.0
21311220	1	0.081
21459480	0	0.0
21473220	1	0.1476
21626460	0	0.0
21652860	1	0.0702
21710520	0	0.0
21734400	1	0.036
21808080	0	0.0
21839760	1	0.0532
21891900	0	0.0
21912960	1	0.109
21973680	0	0.0
22006320	1	0.1163
22056660	0	0.0
22103340	1	0.0781
22150260	0	0.0
22169220	1	0.1785
22236300	0	0.0
22265160	1	0.0775
22495860	0	0.0
22514220	1	0.1529
22583160	0	0.0
22595220	1	0.0978
22669320	0	0.0
22704600	1	0.0515
22751400	0	0.0
22783260	1	0.0761
22839600	0	0.0
22867140	1	0.1858
22915140	0	0.0
22947780	1	0.0428
23008380	0	0.0
23030640	1	0.1024
23097960	0	0.0
23138100	1	0.1729
23186520	0	0.0
23236980	1	0.1194
23266920	0	0.0
23292720	1	0.2118
23351640	0	0.0
23370900	1	0.0896
23695740	0	0.0
23739240	1	0.0606
23788860	0	0.0
23815140	1	0.0471
23878740	0	0.0
23908320	1	0.0715
23964960	0	0.0
23989620	1	0.1351
24223980	0	0.0
24255240	1	0.0327
24302940	0	0.0
24328980	1	0.2419
24395700	0	0.0
24413520	1	0.1083
24479520	0	0.0
24509220	1	0.0906
24571680	0	0.0
24596940	1	0.1674
24654540	0	0.0
24682920	1	0.0178
24742500	0	0.0
24763920	1	0.0613
24826740	0	0.0
24852240	1	0.0876
24999720	0	0.0
25016880	1	0.0585
25081680	0	0.0
25119240	1	0.1119
25172520	0	0.0
25195920	1	0.1191
25266900	0	0.0
25269600	1	0.1818
25429680	0	0.0
25446840	1	0.0519
25523280	0	0.0
25538100	1	0.0389
25603740	0	0.0
25630140	1	0.0964
25687260	0	0.0
25725420	1	0.1256
25770960	0	0.0
25796400	1	0.0094
25859460	0	0.0
25885920	1	0.0695
26116920	0	0.0
26147220	1	0.1882
26208660	0	0.0
26247960	1	0.1352
26386440	0	0.0
26408820	1	0.1234
26472540	0	0.0
26489220	1	0.0834
26638440	0	0.0
26683620	1	0.0409
26722260	0	0.0
26761440	1	0.0511
26810520	0	0.0
26842200	1	0.1376
26992080	0	0.0
27028080	1	0.1352
27072600	0	0.0
27109380	1	0.0986
27251460	0	0.0
27272820	1	0.0513
27420900	0	0.0
27444780	1	0.1272
27587400	0	0.0
27622860	1	0.0456
27675480	0	0.0
27719460	1	0.031
27936540	0	0.0
27970080	1	0.1331
28021380	0	0.0
28048680	1	0.153
28109760	0	0.0
28138980	1	0.1109
28191120	0	0.0
28238820	1	0.1297
28275840	0	0.0
28298220	1	0.0451
28367820	0	0.0
28390200	1	0.0525
28444740	0	0.0
28482840	1	0.0981
28617840	0	0.0
28654860	1	0.0842
28713240	0	0.0
28732260	1	0.0817
28803060	0	0.0
28832820	1	0.1765
28882140	0	0.0
28939380	1	0.1445
29317680	0	0.0
29353020	1	0.0226
29407620	0	0.0
29430960	1	0.062
29490780	0	0.0
29525040	1	0.1267
29749980	0	0.0
29780640	1	0.2248
29837280	0	0.0
29869920	1	0.1628
30011280	0	0.0
30036120	1	0.0995
30095880	0	0.0
30118020	1	0.1724
30358260	0	0.0
30387780	1	0.015
30534240	0	0.0
30558720	1	0.1998
30702540	0	0.0
30727980	1	0.2366
30783000	0	0.0
30829740	1	0.0395
30961260	0	0.0
30976740	1	0.0823
31050660	0	0.0
31081680	1	0.2335
31217940	0	0.0
31242240	1	0.0694
31308480	0	0.0
31336800	1	0.1222
31484220	0	0.0
31493880	1	0.0376
