#1
# BEV Profile
# ID: 100
# Created: 2023-08-24 13:57:46.015935
# This table contains boolean values. Each value is valid for the time interval until next data point.
float	data(535,3)
0	1	0.0
29880	0	0.0
64860	1	0.0214
117120	0	0.0
141120	1	0.2526
461040	0	0.0
492960	1	0.2066
549180	0	0.0
579960	1	0.0786
718800	0	0.0
747840	1	0.1495
807120	0	0.0
832800	1	0.1091
890880	0	0.0
935460	1	0.1001
975060	0	0.0
1013460	1	0.1412
1064040	0	0.0
1100100	1	0.1262
1151460	0	0.0
1174440	1	0.0792
1316160	0	0.0
1359480	1	0.1223
1417140	0	0.0
1428300	1	0.0975
1583880	0	0.0
1615860	1	0.3031
1670700	0	0.0
1697820	1	0.1356
1841880	0	0.0
1864440	1	0.0886
1923780	0	0.0
1961820	1	0.2153
2014680	0	0.0
2048460	1	0.1884
2101680	0	0.0
2135160	1	0.2541
2275080	0	0.0
2292900	1	0.1374
2445240	0	0.0
2490180	1	0.0445
2535240	0	0.0
2570160	1	0.0592
2624400	0	0.0
2649180	1	0.2824
2709060	0	0.0
2740200	1	0.151
2786820	0	0.0
2827440	1	0.095
2879400	0	0.0
2903160	1	0.0848
3056700	0	0.0
3074880	1	0.0918
3147600	0	0.0
3175320	1	0.3577
3226320	0	0.0
3251940	1	0.0835
3313080	0	0.0
3344280	1	0.0955
3395160	0	0.0
3435360	1	0.2024
3482760	0	0.0
3505260	1	0.0767
3569760	0	0.0
3601620	1	0.0933
3661200	0	0.0
3695280	1	0.0739
3828180	0	0.0
3856140	1	0.1547
3998820	0	0.0
4021380	1	0.144
4090080	0	0.0
4129200	1	0.0612
4177140	0	0.0
4201440	1	0.0476
4256520	0	0.0
4290660	1	0.1105
4351200	0	0.0
4370760	1	0.2188
4437600	0	0.0
4468860	1	0.1529
4522140	0	0.0
4554660	1	0.0333
4612080	0	0.0
4643580	1	0.287
4690980	0	0.0
4719660	1	0.0254
4780440	0	0.0
4797900	1	0.0229
4963260	0	0.0
4983120	1	0.0841
5037600	0	0.0
5077020	1	0.1061
5121840	0	0.0
5159400	1	0.0557
5211900	0	0.0
5250660	1	0.0627
5386860	0	0.0
5421120	1	0.0716
5561400	0	0.0
5587020	1	0.2168
5643720	0	0.0
5671500	1	0.351
5821440	0	0.0
5849160	1	0.2034
5906100	0	0.0
5932560	1	0.0682
6163200	0	0.0
6181140	1	0.0435
6246960	0	0.0
6282600	1	0.1192
6337740	0	0.0
6371940	1	0.3851
6419580	0	0.0
6450600	1	0.1514
6510720	0	0.0
6546180	1	0.1105
6597600	0	0.0
6625260	1	0.0669
6773040	0	0.0
6792600	1	0.0535
6857400	0	0.0
6891240	1	0.1701
6938340	0	0.0
6961680	1	0.3727
7026000	0	0.0
7051740	1	0.1394
7114860	0	0.0
7154340	1	0.2407
7197120	0	0.0
7227060	1	0.0072
7372560	0	0.0
7400880	1	0.2098
7455660	0	0.0
7492860	1	0.0809
7544940	0	0.0
7574220	1	0.3083
7634400	0	0.0
7654320	1	0.1405
7719360	0	0.0
7761720	1	0.276
7892040	0	0.0
7924380	1	0.0771
7975620	0	0.0
8011500	1	0.1285
8147820	0	0.0
8178420	1	0.0978
8238840	0	0.0
8268300	1	0.1588
8321400	0	0.0
8351700	1	0.1611
8666100	0	0.0
8708820	1	0.1741
8843340	0	0.0
8862840	1	0.086
8928660	0	0.0
8956560	1	0.4125
9012600	0	0.0
9049800	1	0.0144
9276480	0	0.0
9299220	1	0.1595
9361440	0	0.0
9392700	1	0.1673
9531360	0	0.0
9570360	1	0.314
9794520	0	0.0
9818160	1	0.1819
9876540	0	0.0
9907020	1	0.1271
9966300	0	0.0
9973740	1	0.1975
10050660	0	0.0
10082700	1	0.1678
10133460	0	0.0
10169100	1	0.0806
10309080	0	0.0
10347000	1	0.0978
10391640	0	0.0
10418040	1	0.2013
10484760	0	0.0
10499520	1	0.091
10572900	0	0.0
10604820	1	0.1612
10667580	0	0.0
10680180	1	0.1475
10742640	0	0.0
10769220	1	0.2936
10830240	0	0.0
10865880	1	0.1197
10914000	0	0.0
10943880	1	0.0381
10996020	0	0.0
11017500	1	0.1336
11084820	0	0.0
11117400	1	0.2464
11167020	0	0.0
11196840	1	0.1166
11266200	0	0.0
11296020	1	0.2976
11347740	0	0.0
11374920	1	0.1735
11428020	0	0.0
11462820	1	0.0393
11525280	0	0.0
11552280	1	0.0848
11605260	0	0.0
11636040	1	0.1904
11693220	0	0.0
11726460	1	0.1311
11948220	0	0.0
11976720	1	0.2005
12212220	0	0.0
12254280	1	0.0849
12300420	0	0.0
12325320	1	0.1012
12383400	0	0.0
12422100	1	0.1398
12471240	0	0.0
12509700	1	0.1978
12559800	0	0.0
12581220	1	0.1549
12726840	0	0.0
12755640	1	0.0646
12824400	0	0.0
12853800	1	0.2461
12901800	0	0.0
12932940	1	0.161
12991800	0	0.0
13019340	1	0.1796
13070820	0	0.0
13112820	1	0.1593
13162620	0	0.0
13178700	1	0.2929
13249320	0	0.0
13278600	1	0.0948
13418340	0	0.0
13439280	1	0.2946
13503840	0	0.0
13531740	1	0.1419
13591560	0	0.0
13619040	1	0.2369
13765440	0	0.0
13802220	1	0.1923
13852440	0	0.0
13877100	1	0.0542
13938720	0	0.0
13963740	1	0.0785
14028240	0	0.0
14051820	1	0.1887
14108340	0	0.0
14135520	1	0.1132
14202300	0	0.0
14216820	1	0.0778
14288280	0	0.0
14309520	1	0.026
14368320	0	0.0
14410740	1	0.2788
14547000	0	0.0
14582100	1	0.1013
14718840	0	0.0
14743380	1	0.1299
14804100	0	0.0
14834880	1	0.1676
14891340	0	0.0
14920080	1	0.2503
14967840	0	0.0
15005100	1	0.1281
15064140	0	0.0
15103560	1	0.0912
15237300	0	0.0
15261240	1	0.0774
15313860	0	0.0
15350820	1	0.3065
15412140	0	0.0
15438480	1	0.0996
15491100	0	0.0
15541380	1	0.0492
15840300	0	0.0
15848940	1	0.2566
15924060	0	0.0
15953040	1	0.0802
16013280	0	0.0
16039620	1	0.2916
16090980	0	0.0
16124880	1	0.1823
16189140	0	0.0
16219320	1	0.2739
16443240	0	0.0
16481700	1	0.1575
16622640	0	0.0
16659780	1	0.1466
16788600	0	0.0
16816500	1	0.191
16964160	0	0.0
16979580	1	0.0367
17224740	0	0.0
17253540	1	0.2069
17311140	0	0.0
17333040	1	0.0469
17389980	0	0.0
17421600	1	0.1065
17480820	0	0.0
17496600	1	0.0103
17569920	0	0.0
17605860	1	0.1012
17651280	0	0.0
17677740	1	0.1672
17743320	0	0.0
17767560	1	0.1978
17826480	0	0.0
17847720	1	0.2145
17914440	0	0.0
17941620	1	0.2316
18002820	0	0.0
18031320	1	0.0526
18265680	0	0.0
18280440	1	0.1739
18344460	0	0.0
18380820	1	0.0167
18433980	0	0.0
18477000	1	0.0613
18520980	0	0.0
18555360	1	0.2564
18599040	0	0.0
18646380	1	0.0776
18782880	0	0.0
18810360	1	0.0713
18861480	0	0.0
18891720	1	0.2148
18948060	0	0.0
18975600	1	0.0803
19029480	0	0.0
19066800	1	0.1194
19120260	0	0.0
19145760	1	0.1498
19212120	0	0.0
19236720	1	0.0874
19295460	0	0.0
19323120	1	0.0608
19467960	0	0.0
19490940	1	0.0973
19641840	0	0.0
19666500	1	0.1876
19730340	0	0.0
19748280	1	0.1708
19814940	0	0.0
19834560	1	0.2101
19899840	0	0.0
19924740	1	0.1105
20165940	0	0.0
20194740	1	0.054
20246580	0	0.0
20284620	1	0.071
20333880	0	0.0
20372400	1	0.3357
20591220	0	0.0
20619000	1	0.0342
20679540	0	0.0
20702100	1	0.2476
20772540	0	0.0
20797980	1	0.0663
20846820	0	0.0
20877720	1	0.1165
20933520	0	0.0
20958840	1	0.0624
21200340	0	0.0
21238800	1	0.0694
21280500	0	0.0
21306900	1	0.0474
21459900	0	0.0
21484620	1	0.1318
21546180	0	0.0
21554040	1	0.1276
21798600	0	0.0
21818760	1	0.014
21886020	0	0.0
21921480	1	0.2588
21975480	0	0.0
22006140	1	0.1388
22056720	0	0.0
22088400	1	0.1167
22139820	0	0.0
22172940	1	0.1589
22230420	0	0.0
22262100	1	0.0416
22324080	0	0.0
22351740	1	0.0588
22492320	0	0.0
22519440	1	0.1839
22576380	0	0.0
22608720	1	0.2978
22664760	0	0.0
22683060	1	0.087
22747620	0	0.0
22775340	1	0.2012
22837920	0	0.0
22873080	1	0.0902
22927860	0	0.0
22966620	1	0.0603
23184480	0	0.0
23219400	1	0.2426
23269680	0	0.0
23311860	1	0.1242
23447460	0	0.0
23487000	1	0.1602
23527500	0	0.0
23551860	1	0.0824
23702700	0	0.0
23721600	1	0.1491
23791860	0	0.0
23824020	1	0.2202
23877000	0	0.0
23900460	1	0.1707
23964720	0	0.0
23994060	1	0.1895
24043140	0	0.0
24090780	1	0.0691
24217440	0	0.0
24251220	1	0.0851
24307080	0	0.0
24348960	1	0.067
24483840	0	0.0
24509400	1	0.1193
24649080	0	0.0
24672720	1	0.1358
24735540	0	0.0
24763680	1	0.2152
24994620	0	0.0
25029540	1	0.0884
25081680	0	0.0
25107960	1	0.1624
25167480	0	0.0
25201320	1	0.1471
25258440	0	0.0
25284600	1	0.1321
25430100	0	0.0
25460820	1	0.0257
25515420	0	0.0
25541220	1	0.2195
25689780	0	0.0
25728840	1	0.1706
25777860	0	0.0
25798200	1	0.0612
25950900	0	0.0
25975560	1	0.0473
26037600	0	0.0
26067480	1	0.0495
26117520	0	0.0
26157060	1	0.1772
26205360	0	0.0
26237400	1	0.2543
26302140	0	0.0
26324160	1	0.1038
26556180	0	0.0
26595180	1	0.0632
26903580	0	0.0
26935140	1	0.1182
26981640	0	0.0
27017280	1	0.2086
27068460	0	0.0
27097740	1	0.1675
27155040	0	0.0
27195240	1	0.0898
27243900	0	0.0
27260880	1	0.0523
27332280	0	0.0
27361140	1	0.2054
27503760	0	0.0
27541020	1	0.121
27592260	0	0.0
27635280	1	0.061
27675420	0	0.0
27703620	1	0.1773
27766320	0	0.0
27788880	1	0.0363
27933480	0	0.0
27981660	1	0.3329
28022280	0	0.0
28054800	1	0.0948
28111140	0	0.0
28135500	1	0.0542
28196040	0	0.0
28229520	1	0.1384
28283640	0	0.0
28313100	1	0.1542
28451460	0	0.0
28482240	1	0.1112
28544040	0	0.0
28578180	1	0.1626
28627020	0	0.0
28663560	1	0.2225
28716780	0	0.0
28750620	1	0.3451
28800960	0	0.0
28818720	1	0.1743
29058600	0	0.0
29090880	1	0.0837
29147340	0	0.0
29169480	1	0.2192
29316960	0	0.0
29349600	1	0.0403
29574180	0	0.0
29619360	1	0.1064
29662140	0	0.0
29690040	1	0.0286
29748120	0	0.0
29780400	1	0.1498
29835000	0	0.0
29873340	1	0.1014
29926200	0	0.0
29948040	1	0.1075
30187740	0	0.0
30222720	1	0.0502
30274260	0	0.0
30304380	1	0.0518
30360180	0	0.0
30379560	1	0.1591
30443160	0	0.0
30475500	1	0.0796
30520800	0	0.0
30568980	1	0.1627
30616620	0	0.0
30635520	1	0.1175
30695220	0	0.0
30736200	1	0.1391
30871500	0	0.0
30895500	1	0.1219
31037940	0	0.0
31072920	1	0.3153
31134840	0	0.0
31166640	1	0.2335
31219920	0	0.0
31245840	1	0.2383
31308840	0	0.0
31336620	1	0.0227
