#1
# BEV Profile
# ID: 130
# Created: 2023-08-24 13:57:46.422209
# This table contains boolean values. Each value is valid for the time interval until next data point.
float	data(515,3)
0	1	0.0
34200	0	0.0
67620	1	0.0555
113640	0	0.0
139560	1	0.6742
205440	0	0.0
225300	1	0.2704
287580	0	0.0
299820	1	0.1802
377100	0	0.0
408480	1	0.3039
464640	0	0.0
489600	1	0.3296
636060	0	0.0
667500	1	0.0581
721920	0	0.0
744360	1	0.1656
803820	0	0.0
835980	1	0.263
887640	0	0.0
925140	1	0.0388
972540	0	0.0
1003920	1	0.2016
1145940	0	0.0
1185900	1	0.1653
1241340	0	0.0
1277100	1	0.1844
1326300	0	0.0
1356420	1	0.0595
1413420	0	0.0
1438740	1	0.2123
1501020	0	0.0
1522440	1	0.3149
1670700	0	0.0
1687080	1	0.1463
1937820	0	0.0
1969440	1	0.2588
2104320	0	0.0
2122200	1	0.4856
2188080	0	0.0
2219160	1	0.2497
2277420	0	0.0
2297580	1	0.3335
2533980	0	0.0
2545500	1	0.6707
2700180	0	0.0
2729400	1	0.1824
2788320	0	0.0
2819880	1	0.1898
2885340	0	0.0
2909400	1	0.5239
2972940	0	0.0
2993280	1	0.2957
3055080	0	0.0
3076440	1	0.0401
3134040	0	0.0
3159180	1	0.2339
3224880	0	0.0
3249120	1	0.1485
3313140	0	0.0
3337980	1	0.0485
3396240	0	0.0
3416460	1	0.343
3483840	0	0.0
3523740	1	0.4084
3570120	0	0.0
3590280	1	0.1765
3662160	0	0.0
3695700	1	0.1188
3737100	0	0.0
3771840	1	0.1208
3921480	0	0.0
3952020	1	0.0963
3997560	0	0.0
4027740	1	0.1636
4087020	0	0.0
4128000	1	0.1283
4172040	0	0.0
4209480	1	0.045
4263600	0	0.0
4292760	1	0.2131
4351860	0	0.0
4373640	1	0.4033
4434420	0	0.0
4459620	1	0.2107
4523880	0	0.0
4554180	1	0.3868
4604460	0	0.0
4632060	1	0.4223
4688040	0	0.0
4724040	1	0.3913
4777980	0	0.0
4806720	1	0.0796
4866360	0	0.0
4902360	1	0.0801
4951680	0	0.0
4974960	1	0.365
5033940	0	0.0
5056200	1	0.2326
5127780	0	0.0
5152440	1	0.2756
5208000	0	0.0
5248560	1	0.271
5297700	0	0.0
5332080	1	0.3418
5559840	0	0.0
5590080	1	0.4521
5641860	0	0.0
5684460	1	0.3886
5729160	0	0.0
5758440	1	0.2094
5816100	0	0.0
5850420	1	0.5169
5907480	0	0.0
5938020	1	0.3144
6079680	0	0.0
6108120	1	0.096
6168120	0	0.0
6207420	1	0.2166
6248280	0	0.0
6261900	1	0.2921
6421320	0	0.0
6452160	1	0.4581
6513000	0	0.0
6534540	1	0.4724
6681360	0	0.0
6713700	1	0.2297
6762840	0	0.0
6798840	1	0.2368
6850080	0	0.0
6880680	1	0.3213
6945180	0	0.0
6974460	1	0.6069
7113240	0	0.0
7138500	1	0.3614
7198560	0	0.0
7230060	1	0.0647
7283640	0	0.0
7324200	1	0.1475
7372920	0	0.0
7392240	1	0.4218
7455780	0	0.0
7492380	1	0.1559
7549080	0	0.0
7573320	1	0.2737
7631640	0	0.0
7673580	1	0.3114
7716000	0	0.0
7754280	1	0.3195
7800900	0	0.0
7833180	1	0.0981
7891800	0	0.0
7924020	1	0.1095
8068380	0	0.0
8091480	1	0.0703
8232480	0	0.0
8264940	1	0.0468
8324760	0	0.0
8356260	1	0.4422
8413380	0	0.0
8429520	1	0.0999
8585280	0	0.0
8615340	1	0.3333
8669640	0	0.0
8696160	1	0.1886
8754360	0	0.0
8792940	1	0.237
8841840	0	0.0
8875200	1	0.2275
8931780	0	0.0
8961600	1	0.1393
9189480	0	0.0
9212760	1	0.0672
9271380	0	0.0
9302640	1	0.3673
9443460	0	0.0
9471180	1	0.1015
9531720	0	0.0
9561060	1	0.4539
9786540	0	0.0
9822060	1	0.028
9966300	0	0.0
9999480	1	0.2346
10048560	0	0.0
10074780	1	0.2624
10227420	0	0.0
10238640	1	0.0136
10306080	0	0.0
10338780	1	0.0875
10478880	0	0.0
10519920	1	0.1831
10653120	0	0.0
10681380	1	0.3312
10746600	0	0.0
10776600	1	0.0888
10823400	0	0.0
10867140	1	0.1893
10908060	0	0.0
10953780	1	0.0891
11005500	0	0.0
11026380	1	0.3966
11080080	0	0.0
11122200	1	0.0821
11168760	0	0.0
11201880	1	0.219
11262420	0	0.0
11292900	1	0.3427
11350020	0	0.0
11377500	1	0.274
11428680	0	0.0
11457660	1	0.1205
11522640	0	0.0
11553180	1	0.0633
11605440	0	0.0
11645580	1	0.2441
11687460	0	0.0
11720160	1	0.189
11867160	0	0.0
11882880	1	0.5153
12037020	0	0.0
12077940	1	0.2903
12128520	0	0.0
12150780	1	0.166
12297720	0	0.0
12330300	1	0.2162
12386460	0	0.0
12401580	1	0.0894
12555720	0	0.0
12577080	1	0.2762
12640860	0	0.0
12665160	1	0.183
12900180	0	0.0
12925260	1	0.4231
12993000	0	0.0
13009200	1	0.301
13162200	0	0.0
13187700	1	0.1605
13248960	0	0.0
13270620	1	0.1544
13416780	0	0.0
13448340	1	0.4335
13587960	0	0.0
13623660	1	0.2715
13678800	0	0.0
13717740	1	0.1306
13766760	0	0.0
13799700	1	0.3121
14028420	0	0.0
14056680	1	0.4519
14112780	0	0.0
14136300	1	0.1736
14192880	0	0.0
14237220	1	0.2831
14282640	0	0.0
14311800	1	0.0088
14453700	0	0.0
14490480	1	0.1779
14624460	0	0.0
14663040	1	0.4767
14798400	0	0.0
14829240	1	0.1258
14893020	0	0.0
14926440	1	0.2579
15238980	0	0.0
15265320	1	0.2594
15489840	0	0.0
15520680	1	0.2369
15583560	0	0.0
15608100	1	0.1097
15663180	0	0.0
15702120	1	0.0875
15743700	0	0.0
15794280	1	0.0243
15843480	0	0.0
15862260	1	0.1465
16008480	0	0.0
16046340	1	0.4281
16100640	0	0.0
16125120	1	0.0916
16185660	0	0.0
16222920	1	0.256
16273320	0	0.0
16295340	1	0.1519
16351500	0	0.0
16397220	1	0.0607
16528200	0	0.0
16557300	1	0.3842
16621320	0	0.0
16646340	1	0.3943
16789800	0	0.0
16816260	1	0.2641
16878300	0	0.0
16898880	1	0.0238
17217240	0	0.0
17250180	1	0.0505
17303640	0	0.0
17349240	1	0.1649
17396520	0	0.0
17424780	1	0.4367
17652600	0	0.0
17681940	1	0.3088
17743500	0	0.0
17767440	1	0.2999
17822280	0	0.0
17860320	1	0.1835
17912700	0	0.0
17943780	1	0.5558
18003600	0	0.0
18023460	1	0.3321
18251100	0	0.0
18273060	1	0.2889
18345180	0	0.0
18386040	1	0.2239
18426720	0	0.0
18453120	1	0.2141
18514200	0	0.0
18540180	1	0.4407
18605100	0	0.0
18641280	1	0.0396
18863820	0	0.0
18885660	1	0.4401
19209180	0	0.0
19238700	1	0.3245
19301220	0	0.0
19328820	1	0.066
19380000	0	0.0
19404300	1	0.1528
19464540	0	0.0
19498740	1	0.3097
19555140	0	0.0
19581780	1	0.2669
19642140	0	0.0
19675380	1	0.47
19817580	0	0.0
19832340	1	0.2905
20152440	0	0.0
20180400	1	0.2894
20255040	0	0.0
20258700	1	0.037
20339760	0	0.0
20349660	1	0.2865
20421840	0	0.0
20441400	1	0.1597
20501280	0	0.0
20529240	1	0.1568
20672040	0	0.0
20706840	1	0.3338
20759040	0	0.0
20780640	1	0.226
20854560	0	0.0
20874060	1	0.2588
20935080	0	0.0
20961480	1	0.2453
21023880	0	0.0
21052380	1	0.5834
21284340	0	0.0
21313680	1	0.464
21367800	0	0.0
21396960	1	0.1747
21622980	0	0.0
21660600	1	0.1797
21712020	0	0.0
21745080	1	0.1529
21891420	0	0.0
21915540	1	0.2953
21975960	0	0.0
22004700	1	0.1492
22056720	0	0.0
22086600	1	0.2264
22148160	0	0.0
22174200	1	0.2222
22311120	0	0.0
22329900	1	0.0298
22493040	0	0.0
22517940	1	0.2361
22663500	0	0.0
22696620	1	0.2886
22838460	0	0.0
22882860	1	0.3863
23095080	0	0.0
23125860	1	0.1364
23185680	0	0.0
23212680	1	0.0967
23275800	0	0.0
23292420	1	0.0619
23357940	0	0.0
23375160	1	0.2988
23440680	0	0.0
23473140	1	0.3891
23614200	0	0.0
23652480	1	0.0724
23697240	0	0.0
23735400	1	0.0558
23789100	0	0.0
23821680	1	0.1513
23875380	0	0.0
23899980	1	0.2022
23954040	0	0.0
23987460	1	0.0739
24226020	0	0.0
24245580	1	0.1084
24306780	0	0.0
24339900	1	0.222
24396780	0	0.0
24421680	1	0.2534
24484980	0	0.0
24501420	1	0.1436
24573360	0	0.0
24599460	1	0.3115
24656220	0	0.0
24693240	1	0.0804
24736980	0	0.0
24774360	1	0.0439
24825960	0	0.0
24857700	1	0.0995
24909300	0	0.0
24936300	1	0.2219
24999660	0	0.0
25037340	1	0.2139
25090080	0	0.0
25100460	1	0.1224
25169760	0	0.0
25208700	1	0.3059
25262580	0	0.0
25285680	1	0.1097
25521480	0	0.0
25551420	1	0.2711
25598280	0	0.0
25629240	1	0.0706
25685400	0	0.0
25707780	1	0.0386
25778220	0	0.0
25812180	1	0.5336
25861680	0	0.0
25893600	1	0.4637
25951260	0	0.0
25987920	1	0.2075
26123880	0	0.0
26155680	1	0.1096
26292480	0	0.0
26324340	1	0.0882
26471100	0	0.0
26500860	1	0.4036
26550780	0	0.0
26584140	1	0.0517
26724900	0	0.0
26755500	1	0.2688
26810160	0	0.0
26853060	1	0.1899
26898180	0	0.0
26920740	1	0.3111
26981640	0	0.0
27011160	1	0.2731
27244080	0	0.0
27286380	1	0.1358
27331680	0	0.0
27348600	1	0.1857
27412440	0	0.0
27438540	1	0.2128
27502680	0	0.0
27544140	1	0.2377
27587280	0	0.0
27624900	1	0.3838
27673800	0	0.0
27701940	1	0.2829
27943920	0	0.0
27955920	1	0.5785
28020900	0	0.0
28037340	1	0.2226
28108860	0	0.0
28135560	1	0.3427
28191240	0	0.0
28234980	1	0.6522
28280460	0	0.0
28310400	1	0.0711
28544820	0	0.0
28572540	1	0.0572
28709700	0	0.0
28728540	1	0.1888
28889700	0	0.0
28919160	1	0.3447
29058120	0	0.0
29094240	1	0.1045
29149260	0	0.0
29169060	1	0.6141
29227440	0	0.0
29251440	1	0.2693
29404320	0	0.0
29424720	1	0.5624
29662320	0	0.0
29685780	1	0.118
29923320	0	0.0
29964840	1	0.2122
30010200	0	0.0
30038460	1	0.323
30100140	0	0.0
30112800	1	0.2196
30185100	0	0.0
30203820	1	0.1848
30347100	0	0.0
30383460	1	0.3929
30436440	0	0.0
30456240	1	0.3628
30531480	0	0.0
30556140	1	0.2639
30614520	0	0.0
30636660	1	0.0884
30964680	0	0.0
30978540	1	0.123
31041780	0	0.0
31076160	1	0.0751
31305840	0	0.0
31337700	1	0.4684
31476900	0	0.0
31510500	1	0.1101
