#1
# BEV Profile
# ID: 76
# Created: 2023-08-24 13:57:45.734680
# This table contains boolean values. Each value is valid for the time interval until next data point.
float	data(523,3)
0	1	0.0
119040	0	0.0
146460	1	0.168
202560	0	0.0
229320	1	0.2487
290760	0	0.0
308280	1	0.1803
379080	0	0.0
393900	1	0.2029
463140	0	0.0
492360	1	0.2733
723960	0	0.0
750240	1	0.1872
808200	0	0.0
828960	1	0.181
894420	0	0.0
927300	1	0.2478
982380	0	0.0
1005060	1	0.2182
1149960	0	0.0
1180980	1	0.0297
1238520	0	0.0
1250040	1	0.0411
1322340	0	0.0
1365180	1	0.2902
1410480	0	0.0
1429860	1	0.4126
1503060	0	0.0
1528140	1	0.2306
1581300	0	0.0
1619940	1	0.2776
1671900	0	0.0
1699620	1	0.1942
1837860	0	0.0
1876980	1	0.0248
1930140	0	0.0
1959840	1	0.2381
2018340	0	0.0
2039460	1	0.0313
2192760	0	0.0
2218080	1	0.1655
2273760	0	0.0
2315280	1	0.1904
2357220	0	0.0
2393460	1	0.0197
2531940	0	0.0
2567100	1	0.1121
2620560	0	0.0
2648160	1	0.0322
2714460	0	0.0
2751360	1	0.0805
2876160	0	0.0
2920500	1	0.0873
2961180	0	0.0
2993760	1	0.088
3051060	0	0.0
3079800	1	0.0438
3137760	0	0.0
3159780	1	0.2748
3228660	0	0.0
3256560	1	0.2494
3403320	0	0.0
3428580	1	0.2796
3483180	0	0.0
3518400	1	0.2202
3574080	0	0.0
3600420	1	0.0382
3742080	0	0.0
3783900	1	0.098
3836100	0	0.0
3861660	1	0.0983
3917940	0	0.0
3946080	1	0.2376
3999000	0	0.0
4028580	1	0.1074
4262580	0	0.0
4300920	1	0.0757
4347240	0	0.0
4373580	1	0.239
4522680	0	0.0
4550160	1	0.1981
4604940	0	0.0
4632840	1	0.0787
4695900	0	0.0
4719240	1	0.3445
5037660	0	0.0
5060280	1	0.0957
5129700	0	0.0
5152920	1	0.0597
5212260	0	0.0
5253960	1	0.392
5302140	0	0.0
5321100	1	0.3301
5386500	0	0.0
5423580	1	0.033
5729400	0	0.0
5743680	1	0.2473
5907840	0	0.0
5935560	1	0.1671
5984880	0	0.0
6027360	1	0.0394
6076980	0	0.0
6097200	1	0.0189
6159660	0	0.0
6189720	1	0.1889
6251100	0	0.0
6270540	1	0.1678
6336180	0	0.0
6369720	1	0.1073
6416040	0	0.0
6458640	1	0.1624
6510900	0	0.0
6536700	1	0.089
6685320	0	0.0
6716220	1	0.0579
6772380	0	0.0
6795240	1	0.2565
6852000	0	0.0
6880140	1	0.158
6943380	0	0.0
6974040	1	0.0825
7024080	0	0.0
7055940	1	0.1201
7110960	0	0.0
7138500	1	0.3045
7458660	0	0.0
7483260	1	0.1821
7548300	0	0.0
7581540	1	0.1096
7719540	0	0.0
7741860	1	0.2857
7804380	0	0.0
7835220	1	0.0262
7880460	0	0.0
7917180	1	0.0502
8067720	0	0.0
8084220	1	0.1365
8153460	0	0.0
8180940	1	0.0752
8231940	0	0.0
8264160	1	0.0668
8321280	0	0.0
8364780	1	0.2195
8411220	0	0.0
8449740	1	0.1082
8498100	0	0.0
8519640	1	0.0619
8586060	0	0.0
8604060	1	0.1535
8672100	0	0.0
8698260	1	0.1064
8752620	0	0.0
8776020	1	0.2743
8931300	0	0.0
8942460	1	0.1288
9014460	0	0.0
9038280	1	0.0469
9100620	0	0.0
9128040	1	0.0567
9182700	0	0.0
9201360	1	0.2433
9268740	0	0.0
9309840	1	0.3593
9360660	0	0.0
9387000	1	0.2006
9439140	0	0.0
9467400	1	0.1791
9531060	0	0.0
9569460	1	0.122
9617580	0	0.0
9656220	1	0.0612
9708360	0	0.0
9719280	1	0.0731
9880140	0	0.0
9906000	1	0.1805
9963900	0	0.0
9989220	1	0.203
10055520	0	0.0
10072560	1	0.1884
10129740	0	0.0
10164960	1	0.0921
10311000	0	0.0
10341960	1	0.0206
10393320	0	0.0
10428960	1	0.2242
10482660	0	0.0
10518600	1	0.2046
10740960	0	0.0
10770240	1	0.1165
11002200	0	0.0
11027460	1	0.0594
11085360	0	0.0
11123220	1	0.2337
11179800	0	0.0
11214600	1	0.2756
11431920	0	0.0
11462340	1	0.0217
11606520	0	0.0
11640240	1	0.1893
11696100	0	0.0
11704440	1	0.1459
11789220	0	0.0
11820000	1	0.2346
11864700	0	0.0
11888340	1	0.1215
11955960	0	0.0
11985600	1	0.1821
12212040	0	0.0
12232500	1	0.2103
12296760	0	0.0
12320580	1	0.158
12382740	0	0.0
12416100	1	0.064
12470940	0	0.0
12490020	1	0.1927
12557400	0	0.0
12582600	1	0.1339
12637500	0	0.0
12671580	1	0.0659
12815760	0	0.0
12831540	1	0.1829
12904140	0	0.0
12926880	1	0.0373
12993480	0	0.0
13006920	1	0.231
13069440	0	0.0
13099800	1	0.3197
13250700	0	0.0
13270800	1	0.0056
13513080	0	0.0
13530660	1	0.1808
13686900	0	0.0
13714140	1	0.1553
13763160	0	0.0
13801080	1	0.0863
13854420	0	0.0
13870740	1	0.0421
14017440	0	0.0
14074500	1	0.0293
14113080	0	0.0
14149620	1	0.1459
14200080	0	0.0
14217420	1	0.1826
14282340	0	0.0
14311080	1	0.2447
14367480	0	0.0
14398860	1	0.4793
14454600	0	0.0
14491020	1	0.0587
14543040	0	0.0
14572860	1	0.0268
14722320	0	0.0
14746380	1	0.2595
14800620	0	0.0
14831160	1	0.1326
14976420	0	0.0
14999400	1	0.1567
15062580	0	0.0
15091260	1	0.0175
15234000	0	0.0
15254880	1	0.2553
15321000	0	0.0
15358140	1	0.083
15407280	0	0.0
15428640	1	0.0314
15495000	0	0.0
15519180	1	0.085
15582420	0	0.0
15606420	1	0.0914
15841080	0	0.0
15871020	1	0.1041
15930240	0	0.0
15963360	1	0.0566
16014840	0	0.0
16039200	1	0.0621
16096620	0	0.0
16124520	1	0.1577
16183500	0	0.0
16231080	1	0.4097
16275360	0	0.0
16308900	1	0.074
16349520	0	0.0
16384560	1	0.0465
16442820	0	0.0
16474320	1	0.1467
16612620	0	0.0
16650540	1	0.1333
16790820	0	0.0
16808100	1	0.1353
16875540	0	0.0
16900440	1	0.0417
17056800	0	0.0
17081880	1	0.1267
17222460	0	0.0
17250540	1	0.0834
17308500	0	0.0
17334540	1	0.105
17400480	0	0.0
17426280	1	0.1562
17477700	0	0.0
17517120	1	0.0223
17570040	0	0.0
17602140	1	0.0638
17656500	0	0.0
17683440	1	0.0624
17829780	0	0.0
17841720	1	0.2424
17915220	0	0.0
17938920	1	0.1964
17995380	0	0.0
18029760	1	0.1279
18263580	0	0.0
18288120	1	0.1215
18347760	0	0.0
18377940	1	0.3993
18434040	0	0.0
18456540	1	0.1772
18605640	0	0.0
18642660	1	0.1957
18862260	0	0.0
18892980	1	0.1109
18950640	0	0.0
18976800	1	0.1736
19034880	0	0.0
19062540	1	0.1228
19121940	0	0.0
19144680	1	0.0369
19212360	0	0.0
19231980	1	0.1474
19468980	0	0.0
19492200	1	0.3226
19642440	0	0.0
19652400	1	0.1379
19728120	0	0.0
19753320	1	0.1049
19813020	0	0.0
19851000	1	0.1385
19899660	0	0.0
19932480	1	0.0621
20074860	0	0.0
20100600	1	0.2185
20159700	0	0.0
20194560	1	0.1249
20336760	0	0.0
20358660	1	0.084
20421420	0	0.0
20449860	1	0.0831
20677560	0	0.0
20698980	1	0.0331
20767320	0	0.0
20797440	1	0.1539
20854320	0	0.0
20878020	1	0.1537
20939340	0	0.0
20976240	1	0.1672
21110760	0	0.0
21151140	1	0.0711
21455940	0	0.0
21479880	1	0.2339
21627660	0	0.0
21657180	1	0.1787
21892920	0	0.0
21920220	1	0.2154
21971460	0	0.0
22006740	1	0.1742
22057320	0	0.0
22093080	1	0.1163
22236480	0	0.0
22256760	1	0.1934
22489920	0	0.0
22514220	1	0.1105
22577880	0	0.0
22609020	1	0.1177
22665480	0	0.0
22703820	1	0.2177
22760700	0	0.0
22778400	1	0.1275
22838460	0	0.0
22878480	1	0.075
23010360	0	0.0
23045820	1	0.0182
23099520	0	0.0
23121060	1	0.1056
23184060	0	0.0
23201040	1	0.0675
23356980	0	0.0
23402100	1	0.3966
23435280	0	0.0
23485380	1	0.2956
23528460	0	0.0
23548380	1	0.0742
23614620	0	0.0
23649780	1	0.0137
23704200	0	0.0
23734680	1	0.1611
23792940	0	0.0
23828940	1	0.2182
23875620	0	0.0
23905920	1	0.2327
23959200	0	0.0
23986620	1	0.0657
24047040	0	0.0
24070320	1	0.1132
24308700	0	0.0
24324720	1	0.1257
24390480	0	0.0
24416460	1	0.185
24476820	0	0.0
24485940	1	0.2729
24656220	0	0.0
24685680	1	0.212
24744420	0	0.0
24772140	1	0.0186
25001700	0	0.0
25010040	1	0.2276
25086300	0	0.0
25109400	1	0.0822
25171500	0	0.0
25191480	1	0.1308
25353180	0	0.0
25371660	1	0.0425
25522140	0	0.0
25544340	1	0.1722
25607460	0	0.0
25633740	1	0.1236
25692300	0	0.0
25708860	1	0.1488
25863540	0	0.0
25890540	1	0.0402
26031720	0	0.0
26059380	1	0.0667
26120700	0	0.0
26155320	1	0.0488
26207040	0	0.0
26238120	1	0.2748
26291160	0	0.0
26324880	1	0.1812
26385540	0	0.0
26402160	1	0.2769
26730120	0	0.0
26744640	1	0.0174
26816340	0	0.0
26853780	1	0.0496
26893740	0	0.0
26929980	1	0.1337
27067020	0	0.0
27104040	1	0.147
27332040	0	0.0
27348960	1	0.1444
27411000	0	0.0
27462900	1	0.0763
27503040	0	0.0
27531540	1	0.1977
27589440	0	0.0
27611340	1	0.183
27676740	0	0.0
27711420	1	0.1924
27767520	0	0.0
27788940	1	0.0618
27851100	0	0.0
27877080	1	0.0376
27933540	0	0.0
27966480	1	0.3596
28023000	0	0.0
28057500	1	0.216
28108140	0	0.0
28141920	1	0.0562
28192200	0	0.0
28224780	1	0.1164
28277940	0	0.0
28318860	1	0.1891
28366440	0	0.0
28392480	1	0.0563
28452960	0	0.0
28476720	1	0.0252
28626900	0	0.0
28660800	1	0.0402
28798980	0	0.0
28829520	1	0.2226
28889160	0	0.0
28924740	1	0.1748
29145240	0	0.0
29176140	1	0.3953
29228280	0	0.0
29267580	1	0.2598
29321760	0	0.0
29340780	1	0.1649
29407380	0	0.0
29433900	1	0.2574
29491380	0	0.0
29521200	1	0.2641
29577540	0	0.0
29601180	1	0.0751
29747640	0	0.0
29777220	1	0.0869
29841600	0	0.0
29863080	1	0.1581
30012060	0	0.0
30034380	1	0.2611
30176040	0	0.0
30206940	1	0.0617
30357480	0	0.0
30380940	1	0.1896
30440160	0	0.0
30473640	1	0.126
30526860	0	0.0
30553980	1	0.1681
30617280	0	0.0
30646800	1	0.1392
30791580	0	0.0
30820920	1	0.0253
30955200	0	0.0
30983460	1	0.2273
31045620	0	0.0
31069860	1	0.1882
31134600	0	0.0
31157340	1	0.0417
31221300	0	0.0
31247160	1	0.195
31304820	0	0.0
31331880	1	0.1381
31485480	0	0.0
31495800	1	0.0762
