#1
# BEV Profile
# ID: 109
# Created: 2023-08-24 13:57:46.140931
# This table contains boolean values. Each value is valid for the time interval until next data point.
float	data(493,3)
0	1	0.0
123240	0	0.0
123480	1	0.2732
284820	0	0.0
334320	1	0.2485
371820	0	0.0
421740	1	0.3574
467820	0	0.0
481620	1	0.1416
632820	0	0.0
670080	1	0.0893
715860	0	0.0
757440	1	0.2333
811440	0	0.0
832380	1	0.1525
887220	0	0.0
918780	1	0.151
1065360	0	0.0
1096680	1	0.1079
1235880	0	0.0
1263960	1	0.0671
1496280	0	0.0
1527360	1	0.1278
1591920	0	0.0
1610820	1	0.3779
1672020	0	0.0
1694400	1	0.1252
1756860	0	0.0
1789800	1	0.0683
1930320	0	0.0
1961880	1	0.057
2274780	0	0.0
2306100	1	0.1112
2363880	0	0.0
2392080	1	0.1464
2536380	0	0.0
2560680	1	0.1744
2617980	0	0.0
2646240	1	0.2132
2706720	0	0.0
2734920	1	0.23
2876400	0	0.0
2904720	1	0.2143
3044460	0	0.0
3084480	1	0.0691
3134160	0	0.0
3168900	1	0.1553
3228240	0	0.0
3251040	1	0.1803
3312840	0	0.0
3346260	1	0.2474
3489300	0	0.0
3507060	1	0.1501
3744360	0	0.0
3765720	1	0.2848
3829980	0	0.0
3856680	1	0.1852
3914520	0	0.0
3956040	1	0.2639
4007520	0	0.0
4036260	1	0.0704
4266720	0	0.0
4286040	1	0.1202
4436520	0	0.0
4470120	1	0.1849
4516800	0	0.0
4563780	1	0.1288
4951740	0	0.0
4982880	1	0.0697
5218620	0	0.0
5240880	1	0.3881
5303640	0	0.0
5320380	1	0.0177
5563740	0	0.0
5597580	1	0.0544
5636460	0	0.0
5680200	1	0.0753
5733840	0	0.0
5739060	1	0.057
5820660	0	0.0
5841780	1	0.1172
5901120	0	0.0
5925900	1	0.153
5981760	0	0.0
6015960	1	0.1522
6163620	0	0.0
6175440	1	0.3624
6246420	0	0.0
6290940	1	0.4389
6330360	0	0.0
6362340	1	0.0627
6419280	0	0.0
6447960	1	0.1115
6594300	0	0.0
6623100	1	0.1385
6771240	0	0.0
6790200	1	0.0467
6851700	0	0.0
6893640	1	0.1578
6942480	0	0.0
6965640	1	0.1277
7027200	0	0.0
7056300	1	0.1235
7120200	0	0.0
7149000	1	0.2027
7455300	0	0.0
7481160	1	0.2137
7544820	0	0.0
7575720	1	0.1507
7634940	0	0.0
7649880	1	0.2341
7807260	0	0.0
7832880	1	0.0878
7890720	0	0.0
7908840	1	0.0776
7980000	0	0.0
8010660	1	0.3167
8061300	0	0.0
8097720	1	0.2626
8151240	0	0.0
8170080	1	0.1889
8233980	0	0.0
8265000	1	0.1947
8327460	0	0.0
8365260	1	0.4295
8411880	0	0.0
8432940	1	0.1207
8583240	0	0.0
8607780	1	0.2316
8674800	0	0.0
8689440	1	0.131
8839560	0	0.0
8878260	1	0.1257
8928000	0	0.0
8944620	1	0.1888
9019200	0	0.0
9035640	1	0.1451
9190560	0	0.0
9216900	1	0.2458
9275640	0	0.0
9323460	1	0.1807
9443520	0	0.0
9483360	1	0.3077
9539940	0	0.0
9569940	1	0.1067
9703500	0	0.0
9733200	1	0.0402
9786960	0	0.0
9824040	1	0.1018
9878160	0	0.0
9909540	1	0.0654
9965160	0	0.0
9996720	1	0.2715
10051920	0	0.0
10089300	1	0.1289
10140240	0	0.0
10155600	1	0.158
10223460	0	0.0
10245240	1	0.132
10312080	0	0.0
10340100	1	0.0858
10397460	0	0.0
10429860	1	0.3141
10571580	0	0.0
10605720	1	0.0379
10653900	0	0.0
10696560	1	0.0533
10741860	0	0.0
10780080	1	0.1347
10827780	0	0.0
10855440	1	0.0971
10995120	0	0.0
11035500	1	0.1875
11090460	0	0.0
11112060	1	0.2054
11343120	0	0.0
11377440	1	0.0452
11605860	0	0.0
11627820	1	0.1221
11691180	0	0.0
11723460	1	0.2906
11781600	0	0.0
11801160	1	0.2568
11862840	0	0.0
11886000	1	0.0826
11951040	0	0.0
11974680	1	0.0707
12211380	0	0.0
12242340	1	0.2219
12296820	0	0.0
12320640	1	0.189
12384420	0	0.0
12417840	1	0.2345
12468300	0	0.0
12490560	1	0.3367
12637920	0	0.0
12672420	1	0.119
12899880	0	0.0
12936720	1	0.3535
12992160	0	0.0
13006680	1	0.3709
13073280	0	0.0
13113840	1	0.3214
13249680	0	0.0
13270440	1	0.1509
13505400	0	0.0
13532760	1	0.2001
13591140	0	0.0
13621860	1	0.1346
13683840	0	0.0
13722000	1	0.206
13763460	0	0.0
13784280	1	0.2758
14026800	0	0.0
14052540	1	0.2557
14108040	0	0.0
14147100	1	0.0642
14283060	0	0.0
14327040	1	0.1815
14363040	0	0.0
14404260	1	0.158
14546640	0	0.0
14589300	1	0.0939
14619960	0	0.0
14664540	1	0.1574
14716020	0	0.0
14748180	1	0.3433
14803500	0	0.0
14849520	1	0.0942
14978700	0	0.0
14999040	1	0.1551
15148020	0	0.0
15170340	1	0.0834
15238020	0	0.0
15265920	1	0.0829
15411480	0	0.0
15430380	1	0.0789
15669600	0	0.0
15688020	1	0.1254
15836940	0	0.0
15874620	1	0.2208
15930840	0	0.0
15959820	1	0.1978
16014300	0	0.0
16047480	1	0.2588
16097220	0	0.0
16122360	1	0.3229
16180140	0	0.0
16221660	1	0.3786
16444440	0	0.0
16477500	1	0.2506
16532280	0	0.0
16561620	1	0.2032
16614000	0	0.0
16650300	1	0.1389
16704900	0	0.0
16733160	1	0.4745
16779960	0	0.0
16824780	1	0.0648
16876860	0	0.0
16910340	1	0.0494
16963980	0	0.0
16994100	1	0.0524
17043180	0	0.0
17080980	1	0.1282
17143260	0	0.0
17163000	1	0.3415
17312340	0	0.0
17341740	1	0.3128
17395560	0	0.0
17418420	1	0.2812
17482500	0	0.0
17509800	1	0.0779
17653680	0	0.0
17689680	1	0.102
17742300	0	0.0
17766300	1	0.2336
17824860	0	0.0
17863860	1	0.1426
17919480	0	0.0
17950020	1	0.1266
18000900	0	0.0
18019440	1	0.217
18088920	0	0.0
18109800	1	0.0861
18351660	0	0.0
18376560	1	0.1701
18433860	0	0.0
18460680	1	0.0414
18521340	0	0.0
18543540	1	0.1103
18603720	0	0.0
18626460	1	0.1959
18694260	0	0.0
18727020	1	0.1305
18776820	0	0.0
18799740	1	0.0471
18869280	0	0.0
18903240	1	0.2483
18950760	0	0.0
18983880	1	0.1638
19039020	0	0.0
19076520	1	0.1285
19126740	0	0.0
19165200	1	0.2842
19209900	0	0.0
19221960	1	0.2585
19300620	0	0.0
19318500	1	0.0956
19382940	0	0.0
19402080	1	0.0813
19471500	0	0.0
19517220	1	0.0745
19640640	0	0.0
19671300	1	0.2769
19729980	0	0.0
19758180	1	0.154
19821180	0	0.0
19843320	1	0.1469
20079180	0	0.0
20110380	1	0.248
20239920	0	0.0
20276760	1	0.3211
20418300	0	0.0
20445420	1	0.1413
20504880	0	0.0
20536980	1	0.0787
20855520	0	0.0
20867640	1	0.3634
20938560	0	0.0
20970960	1	0.0937
21026640	0	0.0
21052680	1	0.0738
21109380	0	0.0
21141240	1	0.1256
21280500	0	0.0
21319020	1	0.1659
21368880	0	0.0
21404940	1	0.0835
21462480	0	0.0
21485940	1	0.0817
21534060	0	0.0
21582000	1	0.2205
21711240	0	0.0
21738060	1	0.0353
21802860	0	0.0
21835260	1	0.0695
21886800	0	0.0
21913980	1	0.1847
21975000	0	0.0
21994920	1	0.2014
22058940	0	0.0
22093620	1	0.1157
22155960	0	0.0
22173420	1	0.2804
22233000	0	0.0
22255800	1	0.119
22314480	0	0.0
22353240	1	0.0812
22488420	0	0.0
22519620	1	0.1292
22568760	0	0.0
22603320	1	0.0807
22666380	0	0.0
22680300	1	0.3949
22751220	0	0.0
22782180	1	0.233
22836060	0	0.0
22858380	1	0.3055
23101020	0	0.0
23123820	1	0.1414
23177160	0	0.0
23230500	1	0.0307
23271000	0	0.0
23313480	1	0.2217
23443500	0	0.0
23470860	1	0.1872
23616120	0	0.0
23648280	1	0.0618
23707380	0	0.0
23740500	1	0.3445
23793300	0	0.0
23820780	1	0.17
23872080	0	0.0
23909340	1	0.412
24136980	0	0.0
24170400	1	0.2067
24308400	0	0.0
24337680	1	0.1617
24479400	0	0.0
24499380	1	0.1603
24570720	0	0.0
24594180	1	0.3863
24655500	0	0.0
24680520	1	0.0739
24997560	0	0.0
25019580	1	0.1589
25261200	0	0.0
25276080	1	0.2235
25344600	0	0.0
25374120	1	0.0994
25432920	0	0.0
25451280	1	0.0694
25608240	0	0.0
25637400	1	0.0446
25688760	0	0.0
25708260	1	0.0814
25777860	0	0.0
25797240	1	0.348
25867980	0	0.0
25893780	1	0.0757
26030220	0	0.0
26056800	1	0.1296
26208600	0	0.0
26231940	1	0.1858
26289000	0	0.0
26328060	1	0.0355
26550420	0	0.0
26589180	1	0.1263
26720880	0	0.0
26753100	1	0.1246
26810280	0	0.0
26836380	1	0.0889
26898000	0	0.0
26921220	1	0.255
27073440	0	0.0
27097560	1	0.3556
27157320	0	0.0
27182400	1	0.0909
27335460	0	0.0
27361980	1	0.2275
27419340	0	0.0
27442500	1	0.2767
27507120	0	0.0
27532680	1	0.2064
27758400	0	0.0
27787800	1	0.1217
27842580	0	0.0
27875460	1	0.0502
28107540	0	0.0
28150380	1	0.2903
28189140	0	0.0
28241520	1	0.3978
28714020	0	0.0
28739160	1	0.0807
28794540	0	0.0
28811100	1	0.0702
28968540	0	0.0
28997640	1	0.0436
29141700	0	0.0
29171220	1	0.1894
29230140	0	0.0
29264280	1	0.1454
29316000	0	0.0
29343420	1	0.352
29483220	0	0.0
29508360	1	0.029
29667840	0	0.0
29691900	1	0.0807
29751000	0	0.0
29777280	1	0.2122
29827200	0	0.0
29861520	1	0.0696
29926560	0	0.0
29954580	1	0.1984
30090480	0	0.0
30128640	1	0.1812
30188100	0	0.0
30213480	1	0.0547
30273240	0	0.0
30303120	1	0.1008
30353160	0	0.0
30372180	1	0.352
30439260	0	0.0
30472980	1	0.2138
30525480	0	0.0
30564960	1	0.0675
30609720	0	0.0
30637380	1	0.0407
30697800	0	0.0
30727560	1	0.1716
30958740	0	0.0
30987900	1	0.025
31046760	0	0.0
31069920	1	0.0379
31210560	0	0.0
31245360	1	0.2402
31301220	0	0.0
31328760	1	0.1044
31394640	0	0.0
31422540	1	0.0698
31475340	0	0.0
31509180	1	0.0807
