#1
# BEV Profile
# ID: 91
# Created: 2023-08-24 13:57:45.906555
# This table contains boolean values. Each value is valid for the time interval until next data point.
float	data(517,3)
0	1	0.0
119340	0	0.0
127320	1	0.1007
283260	0	0.0
322920	1	0.1604
374460	0	0.0
394260	1	0.0259
463920	0	0.0
479220	1	0.1613
718980	0	0.0
747600	1	0.1062
809100	0	0.0
840540	1	0.2285
895680	0	0.0
924300	1	0.0423
979140	0	0.0
1012680	1	0.0686
1064520	0	0.0
1082220	1	0.2113
1149840	0	0.0
1163400	1	0.0554
1235760	0	0.0
1263240	1	0.0229
1328220	0	0.0
1358640	1	0.0386
1401360	0	0.0
1432020	1	0.0606
1501860	0	0.0
1519980	1	0.0831
1842900	0	0.0
1865880	1	0.1117
1931100	0	0.0
1967280	1	0.1143
2020620	0	0.0
2043000	1	0.0324
2102400	0	0.0
2132880	1	0.0836
2186580	0	0.0
2213220	1	0.0978
2276700	0	0.0
2309460	1	0.0873
2454600	0	0.0
2478660	1	0.0714
2614860	0	0.0
2649060	1	0.2065
2706480	0	0.0
2732040	1	0.109
2795040	0	0.0
2821800	1	0.0989
2966880	0	0.0
2999520	1	0.0186
3136620	0	0.0
3152220	1	0.0249
3225000	0	0.0
3261300	1	0.0644
3311400	0	0.0
3332820	1	0.1089
3486000	0	0.0
3524460	1	0.0983
3569760	0	0.0
3601980	1	0.0611
3746100	0	0.0
3775020	1	0.234
3840960	0	0.0
3853320	1	0.0179
4006080	0	0.0
4025460	1	0.1814
4353180	0	0.0
4384920	1	0.2472
4431000	0	0.0
4457400	1	0.1378
4606860	0	0.0
4627980	1	0.1413
4691700	0	0.0
4734420	1	0.0503
4782240	0	0.0
4806660	1	0.0084
5043300	0	0.0
5076780	1	0.1581
5125080	0	0.0
5157540	1	0.1137
5301600	0	0.0
5321580	1	0.1363
5639400	0	0.0
5671980	1	0.143
5815320	0	0.0
5844780	1	0.2345
5903280	0	0.0
5932920	1	0.0793
6074700	0	0.0
6113580	1	0.0412
6164760	0	0.0
6191280	1	0.0513
6254880	0	0.0
6278160	1	0.0468
6337440	0	0.0
6369480	1	0.0338
6507660	0	0.0
6542640	1	0.0934
6771600	0	0.0
6809880	1	0.1675
6853440	0	0.0
6887940	1	0.1338
6935760	0	0.0
6968760	1	0.0896
7112640	0	0.0
7134840	1	0.0776
7204140	0	0.0
7212360	1	0.0261
7281480	0	0.0
7316280	1	0.0367
7373100	0	0.0
7400640	1	0.1888
7459860	0	0.0
7471560	1	0.0757
7540740	0	0.0
7579140	1	0.1643
7628700	0	0.0
7658940	1	0.0535
7720860	0	0.0
7743240	1	0.0939
7807380	0	0.0
7829220	1	0.0511
7974540	0	0.0
8004840	1	0.1149
8065920	0	0.0
8085360	1	0.2361
8155380	0	0.0
8183940	1	0.2243
8323740	0	0.0
8352840	1	0.0749
8504160	0	0.0
8526000	1	0.0816
8588820	0	0.0
8604720	1	0.0963
8670480	0	0.0
8688900	1	0.0846
8753160	0	0.0
8786940	1	0.0632
8839860	0	0.0
8863200	1	0.106
8928120	0	0.0
8947440	1	0.1352
9187620	0	0.0
9220740	1	0.1072
9273060	0	0.0
9316380	1	0.1201
9355260	0	0.0
9381300	1	0.1419
9445980	0	0.0
9469140	1	0.0707
9526920	0	0.0
9566400	1	0.1711
9795600	0	0.0
9834240	1	0.2107
10051800	0	0.0
10084860	1	0.1295
10136580	0	0.0
10162920	1	0.1015
10227360	0	0.0
10247940	1	0.0362
10390800	0	0.0
10421820	1	0.1588
10491420	0	0.0
10522620	1	0.1727
10567860	0	0.0
10590360	1	0.0748
10644960	0	0.0
10669020	1	0.0909
10748640	0	0.0
10772040	1	0.0205
11089980	0	0.0
11115180	1	0.1372
11175720	0	0.0
11225100	1	0.1766
11255460	0	0.0
11277000	1	0.1314
11346600	0	0.0
11361720	1	0.1127
11440020	0	0.0
11468220	1	0.0184
11607300	0	0.0
11631660	1	0.1333
11690580	0	0.0
11714580	1	0.0762
11776560	0	0.0
11805660	1	0.1987
11944440	0	0.0
11986440	1	0.1528
12032100	0	0.0
12063660	1	0.0444
12210720	0	0.0
12241920	1	0.1064
12301260	0	0.0
12318720	1	0.0348
12385860	0	0.0
12415860	1	0.0295
12476940	0	0.0
12504360	1	0.0726
12558360	0	0.0
12579960	1	0.1021
12641520	0	0.0
12667560	1	0.0568
12736200	0	0.0
12745800	1	0.0479
12898800	0	0.0
12926760	1	0.1078
12987960	0	0.0
13003800	1	0.0084
13073460	0	0.0
13100760	1	0.0931
13158480	0	0.0
13202340	1	0.0568
13341000	0	0.0
13356840	1	0.0558
13417680	0	0.0
13443900	1	0.1473
13594260	0	0.0
13626120	1	0.0296
13674180	0	0.0
13713900	1	0.2361
13762140	0	0.0
13802040	1	0.0827
13852260	0	0.0
13875600	1	0.0913
13939680	0	0.0
13965660	1	0.0402
14021280	0	0.0
14053200	1	0.1119
14112300	0	0.0
14141940	1	0.045
14288460	0	0.0
14322120	1	0.0912
14719860	0	0.0
14729700	1	0.1106
14800080	0	0.0
14834280	1	0.1398
14894460	0	0.0
14926020	1	0.1305
14971320	0	0.0
15003600	1	0.0858
15063960	0	0.0
15099180	1	0.047
15230340	0	0.0
15262500	1	0.1795
15321240	0	0.0
15353280	1	0.0395
15408240	0	0.0
15446100	1	0.0958
15588300	0	0.0
15612900	1	0.1966
15753720	0	0.0
15770220	1	0.0677
15840600	0	0.0
15859380	1	0.1683
15922680	0	0.0
15949260	1	0.2023
16020180	0	0.0
16033920	1	0.1295
16189800	0	0.0
16225800	1	0.0703
16353540	0	0.0
16380120	1	0.0404
16447860	0	0.0
16469580	1	0.0217
16530240	0	0.0
16563060	1	0.251
16612380	0	0.0
16659660	1	0.1366
16704120	0	0.0
16724160	1	0.1338
16873260	0	0.0
16910280	1	0.0712
17138040	0	0.0
17159760	1	0.0836
17223540	0	0.0
17269740	1	0.0798
17306700	0	0.0
17344620	1	0.1283
17397180	0	0.0
17421540	1	0.1309
17478720	0	0.0
17493720	1	0.0506
17654340	0	0.0
17679000	1	0.0961
17741700	0	0.0
17759820	1	0.1055
17830560	0	0.0
17854080	1	0.0458
17915220	0	0.0
17945220	1	0.0733
18002100	0	0.0
18033180	1	0.074
18085140	0	0.0
18107220	1	0.0496
18175920	0	0.0
18220620	1	0.0901
18255660	0	0.0
18283620	1	0.1205
18345720	0	0.0
18364020	1	0.1108
18422160	0	0.0
18451440	1	0.0722
18520740	0	0.0
18544260	1	0.1922
18608820	0	0.0
18631080	1	0.101
18695880	0	0.0
18703860	1	0.0505
18862200	0	0.0
18902700	1	0.0951
19041960	0	0.0
19056360	1	0.1646
19117200	0	0.0
19156560	1	0.1698
19210440	0	0.0
19234800	1	0.0535
19471920	0	0.0
19502520	1	0.1915
19554600	0	0.0
19590000	1	0.1166
19638900	0	0.0
19671120	1	0.2321
19815840	0	0.0
19838940	1	0.2002
19902540	0	0.0
19929480	1	0.0309
19989480	0	0.0
20022540	1	0.0722
20079780	0	0.0
20096880	1	0.0803
20157060	0	0.0
20182860	1	0.1981
20331840	0	0.0
20353800	1	0.2703
20417340	0	0.0
20440140	1	0.1812
20762040	0	0.0
20794500	1	0.1034
20850240	0	0.0
20889480	1	0.1138
20931240	0	0.0
20966760	1	0.1322
21368520	0	0.0
21395880	1	0.3277
21455280	0	0.0
21476340	1	0.0732
21547440	0	0.0
21560580	1	0.0368
21628680	0	0.0
21661440	1	0.1047
21715680	0	0.0
21739800	1	0.0771
21796080	0	0.0
21837180	1	0.0234
21887280	0	0.0
21903000	1	0.163
21973800	0	0.0
22009500	1	0.1073
22059720	0	0.0
22104780	1	0.0278
22233660	0	0.0
22269180	1	0.0654
22318920	0	0.0
22347120	1	0.0745
22495680	0	0.0
22521300	1	0.0943
22576800	0	0.0
22614780	1	0.0379
22663740	0	0.0
22688460	1	0.1017
22753440	0	0.0
22786260	1	0.0701
22926480	0	0.0
22950660	1	0.0468
23356860	0	0.0
23377980	1	0.1173
23529660	0	0.0
23559600	1	0.0566
23609640	0	0.0
23642040	1	0.0026
23697000	0	0.0
23717880	1	0.1751
23784600	0	0.0
23818440	1	0.0862
23879220	0	0.0
23894220	1	0.0719
23963760	0	0.0
23991480	1	0.0783
24044640	0	0.0
24088380	1	0.044
24133800	0	0.0
24152820	1	0.0563
24220440	0	0.0
24245460	1	0.0783
24311880	0	0.0
24332220	1	0.0538
24486600	0	0.0
24511320	1	0.1964
24560040	0	0.0
24594240	1	0.0823
24652980	0	0.0
24673140	1	0.1011
24735780	0	0.0
24770160	1	0.0355
24907560	0	0.0
24941280	1	0.01
25000740	0	0.0
25023900	1	0.0396
25172280	0	0.0
25195920	1	0.0633
25261680	0	0.0
25296000	1	0.0896
25773120	0	0.0
25809480	1	0.1617
25860060	0	0.0
25879320	1	0.0534
26032920	0	0.0
26073420	1	0.0326
26123640	0	0.0
26153100	1	0.1081
26213280	0	0.0
26243640	1	0.1266
26385060	0	0.0
26410860	1	0.1875
26470500	0	0.0
26513880	1	0.204
26552400	0	0.0
26579520	1	0.0285
26639820	0	0.0
26681700	1	0.1098
26730600	0	0.0
26748120	1	0.2502
26812440	0	0.0
26834340	1	0.0271
26906100	0	0.0
26928120	1	0.0799
26982360	0	0.0
27020040	1	0.1223
27069480	0	0.0
27097200	1	0.1014
27157680	0	0.0
27188760	1	0.0091
27244440	0	0.0
27286020	1	0.0678
27413760	0	0.0
27447360	1	0.0818
27505020	0	0.0
27534060	1	0.12
27588960	0	0.0
27622500	1	0.1068
27681420	0	0.0
27706860	1	0.1273
27760320	0	0.0
27796740	1	0.0306
27850920	0	0.0
27875340	1	0.0153
27929580	0	0.0
27958440	1	0.0337
28017000	0	0.0
28058340	1	0.0906
28103940	0	0.0
28125420	1	0.0156
28285740	0	0.0
28306140	1	0.0761
28453920	0	0.0
28481760	1	0.0549
28631340	0	0.0
28648140	1	0.0156
28891200	0	0.0
28923900	1	0.1484
29148420	0	0.0
29175840	1	0.0713
29229840	0	0.0
29270700	1	0.1756
29318280	0	0.0
29347260	1	0.0971
29404740	0	0.0
29425860	1	0.1241
29490840	0	0.0
29519280	1	0.2114
29667120	0	0.0
29689620	1	0.0396
29753220	0	0.0
29777400	1	0.2248
29832060	0	0.0
29867820	1	0.0184
29920080	0	0.0
29948040	1	0.1926
30005280	0	0.0
30042300	1	0.0383
30180120	0	0.0
30218640	1	0.0189
30356460	0	0.0
30367320	1	0.0717
30439380	0	0.0
30483840	1	0.1535
30530940	0	0.0
30548820	1	0.0702
30610500	0	0.0
30628140	1	0.0969
30701700	0	0.0
30727020	1	0.1085
30781980	0	0.0
30812880	1	0.0498
30874020	0	0.0
30898620	1	0.0223
31048920	0	0.0
31072200	1	0.1402
31134360	0	0.0
31154520	1	0.0792
31303380	0	0.0
31335240	1	0.1857
31393080	0	0.0
31409340	1	0.0066
31484580	0	0.0
31494600	1	0.0378
