#1
# BEV Profile
# ID: 58
# Created: 2023-08-24 13:57:45.484681
# This table contains boolean values. Each value is valid for the time interval until next data point.
float	data(519,3)
0	1	0.0
29640	0	0.0
60780	1	0.0925
114660	0	0.0
156360	1	0.0492
198900	0	0.0
245940	1	0.1535
282540	0	0.0
316920	1	0.0469
461280	0	0.0
505800	1	0.1785
642120	0	0.0
661620	1	0.0119
721980	0	0.0
763440	1	0.0718
804240	0	0.0
845100	1	0.1547
1071000	0	0.0
1094940	1	0.1434
1150800	0	0.0
1183680	1	0.0865
1242840	0	0.0
1263720	1	0.041
1327920	0	0.0
1358940	1	0.1356
1405560	0	0.0
1433640	1	0.0397
1496220	0	0.0
1525320	1	0.0442
1584780	0	0.0
1610280	1	0.0476
1669500	0	0.0
1707900	1	0.1793
1758060	0	0.0
1791120	1	0.0365
1847940	0	0.0
1876440	1	0.0356
2006820	0	0.0
2059440	1	0.1607
2096580	0	0.0
2137860	1	0.1057
2189760	0	0.0
2214360	1	0.0631
2269440	0	0.0
2295060	1	0.0417
2362380	0	0.0
2392620	1	0.0571
2454300	0	0.0
2485860	1	0.013
2623680	0	0.0
2646180	1	0.0563
2708880	0	0.0
2735640	1	0.1275
2882400	0	0.0
2917560	1	0.1163
3143220	0	0.0
3171480	1	0.194
3226020	0	0.0
3252720	1	0.1685
3313860	0	0.0
3331920	1	0.0721
3395220	0	0.0
3431160	1	0.1683
3481800	0	0.0
3517020	1	0.1081
3660300	0	0.0
3684060	1	0.1385
3741360	0	0.0
3782640	1	0.1005
3830820	0	0.0
3868980	1	0.1264
3919440	0	0.0
3933180	1	0.073
4000920	0	0.0
4027800	1	0.0388
4088700	0	0.0
4115820	1	0.0564
4259820	0	0.0
4284360	1	0.0281
4349460	0	0.0
4386660	1	0.1021
4604280	0	0.0
4631700	1	0.1011
4692240	0	0.0
4733700	1	0.0792
4782540	0	0.0
4807380	1	0.0291
4860900	0	0.0
4899660	1	0.0557
4947180	0	0.0
4986060	1	0.0291
5040480	0	0.0
5072220	1	0.1778
5130960	0	0.0
5150820	1	0.0542
5218020	0	0.0
5230020	1	0.1819
5390100	0	0.0
5407860	1	0.0435
5552820	0	0.0
5585940	1	0.102
5644740	0	0.0
5676180	1	0.1301
5730600	0	0.0
5768580	1	0.1986
5817540	0	0.0
5838960	1	0.1546
5989680	0	0.0
6011280	1	0.128
6068160	0	0.0
6110040	1	0.0606
6166140	0	0.0
6188580	1	0.0617
6244980	0	0.0
6273480	1	0.2271
6515340	0	0.0
6526980	1	0.1158
6685200	0	0.0
6712680	1	0.0831
6766200	0	0.0
6786720	1	0.1146
6852840	0	0.0
6873900	1	0.2151
6947220	0	0.0
6981960	1	0.1483
7286340	0	0.0
7325880	1	0.0067
7374120	0	0.0
7388220	1	0.1461
7541520	0	0.0
7583880	1	0.0941
7633020	0	0.0
7662300	1	0.1329
7714560	0	0.0
7750500	1	0.1399
7976880	0	0.0
8016900	1	0.1009
8065620	0	0.0
8094660	1	0.1404
8149620	0	0.0
8183520	1	0.0359
8237580	0	0.0
8265900	1	0.1706
8409540	0	0.0
8442480	1	0.1424
8662680	0	0.0
8691840	1	0.1673
8757420	0	0.0
8789580	1	0.1471
8836320	0	0.0
8869620	1	0.2261
8926860	0	0.0
8952060	1	0.113
9016200	0	0.0
9045060	1	0.0787
9103740	0	0.0
9128820	1	0.0044
9192420	0	0.0
9216660	1	0.1517
9269700	0	0.0
9291060	1	0.1194
9356700	0	0.0
9379920	1	0.1309
9445200	0	0.0
9469260	1	0.1371
9533700	0	0.0
9544140	1	0.1437
9798720	0	0.0
9828300	1	0.0625
9962580	0	0.0
10015260	1	0.1101
10053720	0	0.0
10075440	1	0.1246
10129800	0	0.0
10158780	1	0.2283
10231860	0	0.0
10253880	1	0.0583
10388160	0	0.0
10437300	1	0.1724
10486680	0	0.0
10519140	1	0.1948
10567500	0	0.0
10602660	1	0.1393
10742640	0	0.0
10774500	1	0.0585
10829940	0	0.0
10867140	1	0.04
11000160	0	0.0
11022240	1	0.0331
11176380	0	0.0
11201640	1	0.0414
11349360	0	0.0
11379060	1	0.0515
11431020	0	0.0
11457480	1	0.1191
11525040	0	0.0
11533320	1	0.0528
11775360	0	0.0
11805840	1	0.095
11952600	0	0.0
11989260	1	0.0328
12216720	0	0.0
12235740	1	0.0426
12306000	0	0.0
12333720	1	0.1917
12390480	0	0.0
12406620	1	0.0644
12468240	0	0.0
12506400	1	0.2386
12559920	0	0.0
12588540	1	0.0397
12817740	0	0.0
12854940	1	0.1493
12903900	0	0.0
12919740	1	0.0646
12990780	0	0.0
13013160	1	0.162
13072680	0	0.0
13099440	1	0.0964
13160160	0	0.0
13187160	1	0.2395
13421580	0	0.0
13443480	1	0.0518
13594380	0	0.0
13627440	1	0.0962
13937700	0	0.0
13959600	1	0.0476
14021760	0	0.0
14044140	1	0.087
14114040	0	0.0
14136060	1	0.1218
14197920	0	0.0
14241180	1	0.2315
14371680	0	0.0
14399760	1	0.129
14450880	0	0.0
14500080	1	0.0225
14545140	0	0.0
14565420	1	0.0089
14629080	0	0.0
14673120	1	0.1222
14800260	0	0.0
14835720	1	0.1144
14891160	0	0.0
14926980	1	0.3077
14978280	0	0.0
14989740	1	0.1658
15237180	0	0.0
15274260	1	0.2787
15321780	0	0.0
15358680	1	0.0953
15409380	0	0.0
15446880	1	0.2401
15492180	0	0.0
15516660	1	0.1132
15585060	0	0.0
15617040	1	0.1667
15666660	0	0.0
15704940	1	0.0469
15845160	0	0.0
15873840	1	0.1189
15934020	0	0.0
15951840	1	0.0535
16098960	0	0.0
16133340	1	0.1611
16186560	0	0.0
16202700	1	0.1428
16274280	0	0.0
16297740	1	0.0255
16447740	0	0.0
16464480	1	0.1116
16533180	0	0.0
16570080	1	0.2194
16614660	0	0.0
16655340	1	0.0803
16705200	0	0.0
16735500	1	0.1519
16790760	0	0.0
16831740	1	0.1347
16969440	0	0.0
16989540	1	0.0522
17045760	0	0.0
17073360	1	0.0492
17137200	0	0.0
17149500	1	0.0988
17302320	0	0.0
17345880	1	0.1845
17392200	0	0.0
17412360	1	0.1805
17479500	0	0.0
17497920	1	0.1245
17560620	0	0.0
17594340	1	0.0588
17653980	0	0.0
17687820	1	0.1367
17820720	0	0.0
17864400	1	0.1681
17917140	0	0.0
17944980	1	0.0926
18264480	0	0.0
18302760	1	0.2423
18338880	0	0.0
18380700	1	0.0646
18519120	0	0.0
18559740	1	0.0953
18600480	0	0.0
18636660	1	0.0722
18785220	0	0.0
18797940	1	0.0417
18869220	0	0.0
18880200	1	0.0657
18947100	0	0.0
18962460	1	0.0624
19035060	0	0.0
19067940	1	0.1975
19122300	0	0.0
19147440	1	0.1178
19211280	0	0.0
19236120	1	0.215
19383480	0	0.0
19403040	1	0.0238
19468680	0	0.0
19499940	1	0.1404
19560480	0	0.0
19579740	1	0.0217
19640880	0	0.0
19680360	1	0.1491
19817820	0	0.0
19852740	1	0.0203
19992300	0	0.0
20022420	1	0.0388
20081100	0	0.0
20102460	1	0.0655
20155980	0	0.0
20178480	1	0.1187
20330280	0	0.0
20373060	1	0.0571
20409180	0	0.0
20446620	1	0.0909
20681520	0	0.0
20704980	1	0.1044
20768820	0	0.0
20806740	1	0.0819
20850360	0	0.0
20882700	1	0.1408
20936700	0	0.0
20963340	1	0.1148
21198300	0	0.0
21236460	1	0.0356
21284640	0	0.0
21325500	1	0.2054
21365520	0	0.0
21392700	1	0.1115
21458220	0	0.0
21498300	1	0.2308
21545280	0	0.0
21576240	1	0.0476
21629880	0	0.0
21664020	1	0.1281
21714240	0	0.0
21747180	1	0.0499
21805200	0	0.0
21841560	1	0.0331
21896880	0	0.0
21905160	1	0.0706
21972660	0	0.0
21991740	1	0.1724
22149120	0	0.0
22159560	1	0.1834
22229040	0	0.0
22259700	1	0.0775
22409040	0	0.0
22428840	1	0.0509
22488900	0	0.0
22530000	1	0.0279
22576800	0	0.0
22619760	1	0.2852
22753020	0	0.0
22770000	1	0.1187
22842720	0	0.0
22865520	1	0.1233
23011920	0	0.0
23042040	1	0.0507
23181120	0	0.0
23203260	1	0.2483
23273640	0	0.0
23299620	1	0.1921
23353620	0	0.0
23392020	1	0.1911
23442780	0	0.0
23478960	1	0.2235
23532120	0	0.0
23554860	1	0.0111
23615880	0	0.0
23644560	1	0.0517
23704440	0	0.0
23719620	1	0.1432
23785620	0	0.0
23821920	1	0.179
23872680	0	0.0
23893020	1	0.145
24045300	0	0.0
24081840	1	0.1119
24391500	0	0.0
24420300	1	0.1127
24564840	0	0.0
24590940	1	0.1773
24822360	0	0.0
24858840	1	0.0352
25000260	0	0.0
25015680	1	0.0686
25081080	0	0.0
25103100	1	0.1587
25167180	0	0.0
25213920	1	0.153
25431840	0	0.0
25459380	1	0.0071
25514520	0	0.0
25545960	1	0.2
25604100	0	0.0
25621620	1	0.0518
25691700	0	0.0
25721700	1	0.1729
25779660	0	0.0
25812480	1	0.0707
25863300	0	0.0
25876140	1	0.1218
25941660	0	0.0
25981620	1	0.0268
26035740	0	0.0
26062020	1	0.0742
26122080	0	0.0
26150700	1	0.0566
26207880	0	0.0
26241000	1	0.1268
26296260	0	0.0
26342940	1	0.1426
26383140	0	0.0
26410020	1	0.1094
26553180	0	0.0
26584980	1	0.1179
26731560	0	0.0
26757300	1	0.1166
26981220	0	0.0
27003420	1	0.0569
27068700	0	0.0
27100380	1	0.1982
27161760	0	0.0
27190800	1	0.0157
27335160	0	0.0
27366960	1	0.0709
27411000	0	0.0
27437580	1	0.0582
27591420	0	0.0
27613200	1	0.0539
27675600	0	0.0
27700140	1	0.1546
27851580	0	0.0
27878700	1	0.0772
27932880	0	0.0
27969780	1	0.1916
28108740	0	0.0
28133340	1	0.1162
28188900	0	0.0
28225140	1	0.0874
28277400	0	0.0
28306800	1	0.064
28375500	0	0.0
28387020	1	0.0898
28457580	0	0.0
28474200	1	0.057
28541400	0	0.0
28570800	1	0.084
28721220	0	0.0
28753200	1	0.1638
28802520	0	0.0
28825200	1	0.1041
28888140	0	0.0
28896180	1	0.1419
29066940	0	0.0
29098320	1	0.0294
29144580	0	0.0
29178900	1	0.0228
29232660	0	0.0
29257920	1	0.1442
29315040	0	0.0
29345220	1	0.0272
29411580	0	0.0
29424900	1	0.0798
29494620	0	0.0
29505840	1	0.0565
29751300	0	0.0
29772960	1	0.1
29838960	0	0.0
29864460	1	0.078
29927520	0	0.0
29960040	1	0.0956
30004980	0	0.0
30049260	1	0.177
30097740	0	0.0
30128100	1	0.107
30182040	0	0.0
30210480	1	0.0388
30352980	0	0.0
30379740	1	0.1127
30446460	0	0.0
30484320	1	0.0892
30529320	0	0.0
30564360	1	0.1544
30867660	0	0.0
30907740	1	0.0612
30960480	0	0.0
30986340	1	0.202
31044420	0	0.0
31081320	1	0.1508
31226100	0	0.0
31248960	1	0.1111
31474680	0	0.0
31507440	1	0.023
