#1
# BEV Profile
# ID: 68
# Created: 2023-08-24 13:57:45.609688
# This table contains boolean values. Each value is valid for the time interval until next data point.
float	data(541,3)
0	1	0.0
108060	0	0.0
149280	1	0.1705
210240	0	0.0
236700	1	0.1793
288420	0	0.0
317280	1	0.3587
369480	0	0.0
396840	1	0.377
466620	0	0.0
478620	1	0.3234
637860	0	0.0
676140	1	0.0026
715560	0	0.0
746340	1	0.016
807360	0	0.0
836640	1	0.0274
900780	0	0.0
926040	1	0.0392
978960	0	0.0
1006920	1	0.3091
1146360	0	0.0
1177080	1	0.0951
1238100	0	0.0
1260960	1	0.0797
1320480	0	0.0
1341600	1	0.005
1413060	0	0.0
1449240	1	0.1645
1494720	0	0.0
1528680	1	0.2638
1578720	0	0.0
1614480	1	0.3678
1668720	0	0.0
1707480	1	0.1566
1927860	0	0.0
1960380	1	0.162
2019300	0	0.0
2045460	1	0.241
2186760	0	0.0
2216580	1	0.4858
2271900	0	0.0
2318940	1	0.225
2449740	0	0.0
2468400	1	0.0113
2534160	0	0.0
2559300	1	0.2332
2622960	0	0.0
2658000	1	0.0624
2797440	0	0.0
2822700	1	0.2866
2877360	0	0.0
2898780	1	0.1032
3051360	0	0.0
3082500	1	0.1022
3233940	0	0.0
3258900	1	0.0925
3311580	0	0.0
3343920	1	0.1255
3394740	0	0.0
3426420	1	0.0633
3488400	0	0.0
3522120	1	0.1267
3741840	0	0.0
3782160	1	0.2098
3830520	0	0.0
3861060	1	0.2491
4088520	0	0.0
4112460	1	0.3328
4263540	0	0.0
4309440	1	0.1643
4353540	0	0.0
4379400	1	0.0802
4432260	0	0.0
4451400	1	0.4386
4602780	0	0.0
4640160	1	0.2529
4688700	0	0.0
4725420	1	0.1977
4786200	0	0.0
4821120	1	0.0278
4863360	0	0.0
4894860	1	0.1785
4955460	0	0.0
4977900	1	0.2201
5040300	0	0.0
5074740	1	0.2281
5127300	0	0.0
5140380	1	0.3938
5295360	0	0.0
5336400	1	0.2346
5477820	0	0.0
5506080	1	0.0499
5559420	0	0.0
5587680	1	0.5742
5735820	0	0.0
5765640	1	0.2024
5817120	0	0.0
5848080	1	0.3874
5899200	0	0.0
5934480	1	0.4254
6162600	0	0.0
6198540	1	0.2211
6243660	0	0.0
6275340	1	0.2743
6333600	0	0.0
6370740	1	0.1218
6418200	0	0.0
6448980	1	0.1309
6505740	0	0.0
6528720	1	0.4708
6592200	0	0.0
6612720	1	0.0459
6679380	0	0.0
6713940	1	0.0492
6768060	0	0.0
6781740	1	0.1754
6852660	0	0.0
6901440	1	0.2787
6941100	0	0.0
6973680	1	0.2266
7028340	0	0.0
7061460	1	0.5659
7198620	0	0.0
7230180	1	0.0093
7291560	0	0.0
7319220	1	0.166
7375080	0	0.0
7402680	1	0.3446
7546800	0	0.0
7577340	1	0.178
7631880	0	0.0
7667100	1	0.5502
7715520	0	0.0
7749180	1	0.1113
7888080	0	0.0
7931880	1	0.1316
7978920	0	0.0
7997520	1	0.3776
8063460	0	0.0
8091780	1	0.0265
8145000	0	0.0
8187180	1	0.3657
8315400	0	0.0
8349480	1	0.1737
8586600	0	0.0
8604060	1	0.2824
8669880	0	0.0
8694600	1	0.4663
8755680	0	0.0
8776800	1	0.2739
8836800	0	0.0
8859780	1	0.2774
8925240	0	0.0
8955960	1	0.246
9099960	0	0.0
9138120	1	0.0709
9196020	0	0.0
9219300	1	0.2232
9360240	0	0.0
9382980	1	0.4648
9450780	0	0.0
9480840	1	0.4137
9530940	0	0.0
9570840	1	0.3218
9701640	0	0.0
9735960	1	0.093
9788700	0	0.0
9822540	1	0.2222
9968460	0	0.0
9994800	1	0.1787
10052220	0	0.0
10081560	1	0.393
10142280	0	0.0
10162800	1	0.1695
10221840	0	0.0
10254180	1	0.0345
10310400	0	0.0
10336500	1	0.0694
10398420	0	0.0
10424340	1	0.3364
10481820	0	0.0
10507200	1	0.3207
10565940	0	0.0
10592280	1	0.2806
10654680	0	0.0
10675620	1	0.1668
10737900	0	0.0
10782300	1	0.1174
10912080	0	0.0
10950240	1	0.0602
10995600	0	0.0
11031600	1	0.1796
11090280	0	0.0
11120640	1	0.166
11179800	0	0.0
11214900	1	0.338
11267220	0	0.0
11278500	1	0.3661
11347200	0	0.0
11368140	1	0.0516
11433600	0	0.0
11471040	1	0.0897
11522160	0	0.0
11543400	1	0.1147
11606640	0	0.0
11635320	1	0.1524
11697960	0	0.0
11723940	1	0.3443
11774880	0	0.0
11812560	1	0.1456
11867700	0	0.0
11897580	1	0.3011
11954280	0	0.0
11981100	1	0.3493
12127080	0	0.0
12143280	1	0.0626
12211020	0	0.0
12243240	1	0.3011
12307020	0	0.0
12347580	1	0.3682
12383160	0	0.0
12403740	1	0.3334
12642120	0	0.0
12664260	1	0.106
12820560	0	0.0
12841200	1	0.3402
12989880	0	0.0
13005600	1	0.3401
13080780	0	0.0
13100100	1	0.1299
13159440	0	0.0
13203480	1	0.2428
13329300	0	0.0
13361880	1	0.0347
13422480	0	0.0
13457280	1	0.4627
13506000	0	0.0
13541280	1	0.2522
13595340	0	0.0
13623360	1	0.3321
13684920	0	0.0
13694100	1	0.3672
13939320	0	0.0
13959780	1	0.0684
14024340	0	0.0
14053500	1	0.2819
14200020	0	0.0
14221500	1	0.4185
14282280	0	0.0
14322840	1	0.3785
14372640	0	0.0
14390580	1	0.266
14629260	0	0.0
14650200	1	0.188
14715420	0	0.0
14736420	1	0.3881
14804400	0	0.0
14842320	1	0.2484
14891880	0	0.0
14920200	1	0.1612
14969400	0	0.0
15006360	1	0.3673
15147480	0	0.0
15170760	1	0.0696
15237480	0	0.0
15277080	1	0.3179
15322500	0	0.0
15338400	1	0.2665
15411120	0	0.0
15445800	1	0.1638
15493320	0	0.0
15530460	1	0.3565
15580560	0	0.0
15612540	1	0.1878
15838620	0	0.0
15877440	1	0.2612
15925620	0	0.0
15959280	1	0.0953
16189080	0	0.0
16220880	1	0.2428
16443840	0	0.0
16471500	1	0.0948
16528320	0	0.0
16564740	1	0.2068
16613580	0	0.0
16644300	1	0.0548
16707120	0	0.0
16734900	1	0.0723
16783140	0	0.0
16811040	1	0.2627
16961340	0	0.0
16985760	1	0.1047
17050380	0	0.0
17078340	1	0.0514
17135580	0	0.0
17168160	1	0.2326
17224320	0	0.0
17247360	1	0.0792
17307120	0	0.0
17334960	1	0.1071
17397480	0	0.0
17434200	1	0.2282
17569920	0	0.0
17587140	1	0.1428
17655780	0	0.0
17671020	1	0.216
17737140	0	0.0
17777160	1	0.2064
17833980	0	0.0
17851440	1	0.2258
17909100	0	0.0
17939580	1	0.3879
18092820	0	0.0
18104520	1	0.203
18341340	0	0.0
18381420	1	0.2305
18429420	0	0.0
18458820	1	0.2586
18600660	0	0.0
18631080	1	0.1555
18691440	0	0.0
18721140	1	0.0481
18778020	0	0.0
18807660	1	0.0862
18866040	0	0.0
18895860	1	0.1289
18955560	0	0.0
18985020	1	0.027
19034580	0	0.0
19060320	1	0.3528
19126260	0	0.0
19150200	1	0.1495
19210080	0	0.0
19240920	1	0.2467
19380840	0	0.0
19409820	1	0.0797
19555020	0	0.0
19582800	1	0.1193
19644600	0	0.0
19658400	1	0.1091
19721820	0	0.0
19749900	1	0.3998
19812600	0	0.0
19845840	1	0.4243
19991700	0	0.0
20027760	1	0.0697
20074980	0	0.0
20089020	1	0.1207
20163000	0	0.0
20180520	1	0.0884
20334060	0	0.0
20364060	1	0.2945
20421780	0	0.0
20457540	1	0.3956
20505720	0	0.0
20535180	1	0.2564
20593440	0	0.0
20620920	1	0.0326
20683800	0	0.0
20717040	1	0.1929
20763060	0	0.0
20792340	1	0.0597
20849160	0	0.0
20865300	1	0.1416
20936400	0	0.0
20965500	1	0.1689
21026280	0	0.0
21048300	1	0.2733
21206220	0	0.0
21223380	1	0.1638
21286800	0	0.0
21303720	1	0.0274
21373980	0	0.0
21394860	1	0.0752
21543360	0	0.0
21570300	1	0.1762
21626640	0	0.0
21654960	1	0.4202
21885540	0	0.0
21931800	1	0.4167
21975540	0	0.0
22002060	1	0.2878
22061820	0	0.0
22083660	1	0.164
22147320	0	0.0
22173060	1	0.2951
22227900	0	0.0
22263540	1	0.6133
22319460	0	0.0
22357800	1	0.0831
22409400	0	0.0
22427040	1	0.0771
22502640	0	0.0
22534260	1	0.1621
22578720	0	0.0
22622880	1	0.3282
22664400	0	0.0
22702800	1	0.2952
22749900	0	0.0
22766100	1	0.4429
22833960	0	0.0
22871940	1	0.4219
23014920	0	0.0
23038500	1	0.0245
23100900	0	0.0
23119560	1	0.2628
23177340	0	0.0
23203860	1	0.2317
23273760	0	0.0
23297280	1	0.0622
23352000	0	0.0
23385120	1	0.2715
23446140	0	0.0
23479440	1	0.3998
23529600	0	0.0
23558700	1	0.0874
23706720	0	0.0
23736060	1	0.2523
23792340	0	0.0
23805000	1	0.2571
23870340	0	0.0
23910000	1	0.1231
24047460	0	0.0
24082500	1	0.3507
24215700	0	0.0
24254940	1	0.0702
24303540	0	0.0
24330480	1	0.1616
24389820	0	0.0
24428460	1	0.1668
24479760	0	0.0
24518880	1	0.2859
24563400	0	0.0
24591600	1	0.3837
24661620	0	0.0
24680280	1	0.4898
24827640	0	0.0
24858420	1	0.0881
24909120	0	0.0
24934560	1	0.2075
25093620	0	0.0
25109160	1	0.277
25171560	0	0.0
25200540	1	0.2323
25440180	0	0.0
25448880	1	0.0508
25513440	0	0.0
25551240	1	0.4189
25602840	0	0.0
25631160	1	0.3055
25690140	0	0.0
25718280	1	0.1698
25777740	0	0.0
25795080	1	0.1756
25860420	0	0.0
25882020	1	0.1872
26031420	0	0.0
26065140	1	0.0864
26122800	0	0.0
26151840	1	0.2619
26206080	0	0.0
26252040	1	0.0306
26290500	0	0.0
26319480	1	0.2231
26381880	0	0.0
26418420	1	0.101
26557860	0	0.0
26573400	1	0.1152
26719260	0	0.0
26756340	1	0.2002
26815080	0	0.0
26850960	1	0.2601
26988180	0	0.0
27015960	1	0.3531
27070740	0	0.0
27107700	1	0.2602
27330240	0	0.0
27366000	1	0.4359
27417720	0	0.0
27445980	1	0.1978
27513600	0	0.0
27524520	1	0.1796
27586620	0	0.0
27609060	1	0.1154
27678240	0	0.0
27708540	1	0.1023
28108140	0	0.0
28129440	1	0.3265
28189980	0	0.0
28208940	1	0.2114
28276800	0	0.0
28313460	1	0.6145
28530600	0	0.0
28564200	1	0.0589
28796100	0	0.0
28838880	1	0.2827
28882560	0	0.0
28910400	1	0.1584
28970400	0	0.0
28988700	1	0.0487
29144040	0	0.0
29174100	1	0.2092
29230920	0	0.0
29265060	1	0.1308
29312520	0	0.0
29355720	1	0.5575
29402460	0	0.0
29440080	1	0.568
29486340	0	0.0
29524080	1	0.3222
29578080	0	0.0
29601960	1	0.0464
29754780	0	0.0
29770920	1	0.1553
29835180	0	0.0
29855880	1	0.3007
29924820	0	0.0
29964660	1	0.2374
30014160	0	0.0
30048000	1	0.182
30094440	0	0.0
30129300	1	0.2588
30264840	0	0.0
30299580	1	0.0146
30352260	0	0.0
30380160	1	0.1938
30434880	0	0.0
30479220	1	0.4645
30529920	0	0.0
30553020	1	0.1757
30617880	0	0.0
30646140	1	0.2107
30964080	0	0.0
30995880	1	0.3184
31042560	0	0.0
31077060	1	0.1352
31301760	0	0.0
31325820	1	0.3825
31478160	0	0.0
31509120	1	0.1295
