#1
# BEV Profile
# ID: 124
# Created: 2023-08-24 13:57:46.344083
# This table contains boolean values. Each value is valid for the time interval until next data point.
float	data(519,3)
0	1	0.0
28560	0	0.0
69480	1	0.0508
117480	0	0.0
140100	1	0.0751
201720	0	0.0
247680	1	0.1184
283200	0	0.0
317340	1	0.0482
718140	0	0.0
741180	1	0.1118
803760	0	0.0
819060	1	0.1805
890400	0	0.0
919500	1	0.0339
1059660	0	0.0
1098420	1	0.0409
1323300	0	0.0
1348920	1	0.0823
1409760	0	0.0
1446960	1	0.0389
1586760	0	0.0
1617840	1	0.12
1671600	0	0.0
1692240	1	0.037
1755240	0	0.0
1769580	1	0.0051
1845540	0	0.0
1863960	1	0.0208
1930680	0	0.0
1959540	1	0.157
2015340	0	0.0
2048520	1	0.1896
2106840	0	0.0
2141580	1	0.0325
2193420	0	0.0
2223660	1	0.1132
2360940	0	0.0
2398260	1	0.0364
2453280	0	0.0
2478900	1	0.0377
2538960	0	0.0
2560920	1	0.1192
2625780	0	0.0
2635740	1	0.1215
2704260	0	0.0
2745360	1	0.1293
2794440	0	0.0
2805720	1	0.0727
2871900	0	0.0
2899860	1	0.0669
3050160	0	0.0
3088740	1	0.0953
3140760	0	0.0
3166980	1	0.0864
3224700	0	0.0
3256920	1	0.0984
3312000	0	0.0
3347820	1	0.0172
3390300	0	0.0
3420780	1	0.1208
3481440	0	0.0
3519300	1	0.0865
3571680	0	0.0
3602940	1	0.0063
3654420	0	0.0
3684780	1	0.0286
3738240	0	0.0
3769140	1	0.0769
3836460	0	0.0
3852840	1	0.0608
3916440	0	0.0
3929760	1	0.1441
4090500	0	0.0
4106640	1	0.0611
4257360	0	0.0
4288320	1	0.0695
4347780	0	0.0
4396860	1	0.0613
4442460	0	0.0
4464660	1	0.1216
4611180	0	0.0
4633440	1	0.1113
5033940	0	0.0
5067480	1	0.0851
5124960	0	0.0
5146620	1	0.1116
5215200	0	0.0
5243400	1	0.068
5474580	0	0.0
5498220	1	0.0537
5642640	0	0.0
5681160	1	0.1588
5734920	0	0.0
5757240	1	0.0872
5820360	0	0.0
5854320	1	0.0796
5907960	0	0.0
5933580	1	0.086
6161040	0	0.0
6202260	1	0.0869
6248040	0	0.0
6271980	1	0.1145
6338640	0	0.0
6360300	1	0.0259
6415680	0	0.0
6445380	1	0.0497
6508200	0	0.0
6540000	1	0.0302
6596040	0	0.0
6632040	1	0.0635
6680640	0	0.0
6703320	1	0.0462
6856380	0	0.0
6882960	1	0.0763
6938940	0	0.0
6964320	1	0.0197
7032420	0	0.0
7060620	1	0.2332
7113660	0	0.0
7141980	1	0.1018
7199220	0	0.0
7235880	1	0.023
7290240	0	0.0
7303560	1	0.0198
7373580	0	0.0
7402440	1	0.0935
7464780	0	0.0
7496040	1	0.1193
7548180	0	0.0
7573560	1	0.0986
7633560	0	0.0
7661820	1	0.0929
7896000	0	0.0
7918680	1	0.0336
8063820	0	0.0
8103840	1	0.0818
8152020	0	0.0
8181000	1	0.1197
8241120	0	0.0
8259660	1	0.0242
8324520	0	0.0
8359500	1	0.0822
8406420	0	0.0
8439480	1	0.0068
8489760	0	0.0
8528700	1	0.0474
8588040	0	0.0
8612220	1	0.0941
8667120	0	0.0
8693580	1	0.0866
8750280	0	0.0
8777460	1	0.1231
9016380	0	0.0
9050820	1	0.044
9185100	0	0.0
9227640	1	0.0391
9268380	0	0.0
9304680	1	0.0299
9359880	0	0.0
9394560	1	0.1236
9448320	0	0.0
9481380	1	0.0263
9530640	0	0.0
9557760	1	0.1207
9795360	0	0.0
9825180	1	0.0922
10051980	0	0.0
10080060	1	0.1119
10132380	0	0.0
10173420	1	0.0549
10306200	0	0.0
10332000	1	0.0569
10394700	0	0.0
10443360	1	0.185
10488720	0	0.0
10512540	1	0.1601
10571520	0	0.0
10592700	1	0.1204
10651440	0	0.0
10692660	1	0.0377
10914000	0	0.0
10950120	1	0.0416
11001180	0	0.0
11023920	1	0.1469
11089320	0	0.0
11117040	1	0.0867
11175000	0	0.0
11201460	1	0.1297
11259600	0	0.0
11284380	1	0.0955
11349060	0	0.0
11377800	1	0.0627
11441460	0	0.0
11452980	1	0.0544
11692080	0	0.0
11706900	1	0.0781
11774640	0	0.0
11816940	1	0.0636
11868300	0	0.0
11885940	1	0.0944
11952660	0	0.0
11988840	1	0.0649
12038340	0	0.0
12072960	1	0.0439
12127200	0	0.0
12149760	1	0.053
12216120	0	0.0
12257280	1	0.0953
12467820	0	0.0
12491040	1	0.0685
12552780	0	0.0
12588060	1	0.1017
12732960	0	0.0
12749700	1	0.0469
12814320	0	0.0
12855000	1	0.0442
13072140	0	0.0
13095300	1	0.1096
13157220	0	0.0
13184880	1	0.0869
13242600	0	0.0
13284300	1	0.0405
13506180	0	0.0
13540560	1	0.0122
13594500	0	0.0
13632420	1	0.1823
13940580	0	0.0
13959720	1	0.0242
14022840	0	0.0
14060220	1	0.006
14203680	0	0.0
14221260	1	0.1089
14370960	0	0.0
14392140	1	0.1106
14630040	0	0.0
14669880	1	0.0945
14719200	0	0.0
14747280	1	0.1129
14804280	0	0.0
14837460	1	0.0472
14881500	0	0.0
14920680	1	0.1822
14973240	0	0.0
14989260	1	0.037
15066720	0	0.0
15082560	1	0.0244
15239640	0	0.0
15260400	1	0.0456
15317040	0	0.0
15352920	1	0.0731
15413580	0	0.0
15430620	1	0.132
15495300	0	0.0
15524640	1	0.0129
15581940	0	0.0
15608400	1	0.0777
15660900	0	0.0
15698040	1	0.034
15748320	0	0.0
15780960	1	0.0098
15844980	0	0.0
15863700	1	0.1083
16006140	0	0.0
16043100	1	0.0364
16093620	0	0.0
16117740	1	0.0798
16179660	0	0.0
16220100	1	0.057
16280340	0	0.0
16306920	1	0.0559
16357320	0	0.0
16385220	1	0.0535
16446600	0	0.0
16488960	1	0.1241
16533420	0	0.0
16562760	1	0.0892
16618200	0	0.0
16651560	1	0.1075
16703760	0	0.0
16731540	1	0.0054
16786140	0	0.0
16826280	1	0.0697
16963560	0	0.0
16998420	1	0.0351
17133540	0	0.0
17156700	1	0.1137
17224560	0	0.0
17245260	1	0.1048
17310720	0	0.0
17338620	1	0.1075
17397540	0	0.0
17429220	1	0.1669
17480640	0	0.0
17515560	1	0.0105
17575140	0	0.0
17578140	1	0.0388
17738640	0	0.0
17770800	1	0.042
17999820	0	0.0
18032100	1	0.0317
18083460	0	0.0
18115860	1	0.094
18171240	0	0.0
18200520	1	0.009
18257100	0	0.0
18279840	1	0.0575
18350400	0	0.0
18374880	1	0.1714
18430320	0	0.0
18466200	1	0.1124
18695820	0	0.0
18725460	1	0.0414
18774180	0	0.0
18807720	1	0.0308
19040820	0	0.0
19073100	1	0.0336
19117920	0	0.0
19153800	1	0.0954
19208640	0	0.0
19233180	1	0.065
19469700	0	0.0
19494600	1	0.1126
19558620	0	0.0
19584300	1	0.0504
19637760	0	0.0
19676220	1	0.036
19733520	0	0.0
19756680	1	0.1536
19992360	0	0.0
20010300	1	0.0444
20064600	0	0.0
20101140	1	0.0636
20163300	0	0.0
20199720	1	0.0559
20248260	0	0.0
20276880	1	0.1261
20323920	0	0.0
20361780	1	0.0616
20417940	0	0.0
20461440	1	0.0806
20506620	0	0.0
20538000	1	0.0433
20595060	0	0.0
20602920	1	0.0527
20683680	0	0.0
20704140	1	0.0817
20855880	0	0.0
20873520	1	0.0591
21110280	0	0.0
21130500	1	0.0319
21279900	0	0.0
21308100	1	0.0652
21371820	0	0.0
21400020	1	0.088
21462180	0	0.0
21488400	1	0.0411
21544500	0	0.0
21569520	1	0.028
21630660	0	0.0
21662340	1	0.1848
22057800	0	0.0
22090080	1	0.1144
22144560	0	0.0
22192560	1	0.0893
22236960	0	0.0
22267560	1	0.0982
22315620	0	0.0
22350360	1	0.0334
22409400	0	0.0
22443360	1	0.0317
22574940	0	0.0
22617360	1	0.166
22662720	0	0.0
22699680	1	0.0958
22750320	0	0.0
22775880	1	0.0252
22842120	0	0.0
22853820	1	0.119
22924200	0	0.0
22960380	1	0.0112
23093760	0	0.0
23133420	1	0.0802
23183580	0	0.0
23214600	1	0.0541
23274360	0	0.0
23299860	1	0.1285
23359560	0	0.0
23385840	1	0.1446
23449980	0	0.0
23475540	1	0.0143
23609280	0	0.0
23642280	1	0.0657
23697840	0	0.0
23731800	1	0.0784
23875980	0	0.0
23906820	1	0.1286
23963280	0	0.0
24001080	1	0.0363
24047340	0	0.0
24075900	1	0.1625
24128880	0	0.0
24153960	1	0.053
24398580	0	0.0
24420480	1	0.0741
24478140	0	0.0
24511080	1	0.1025
24569040	0	0.0
24589860	1	0.1421
24998160	0	0.0
25032300	1	0.1405
25084680	0	0.0
25100880	1	0.1183
25169100	0	0.0
25195740	1	0.1842
25261740	0	0.0
25283700	1	0.0767
25348440	0	0.0
25368540	1	0.0642
25514940	0	0.0
25534740	1	0.1703
25606920	0	0.0
25622460	1	0.0229
25690740	0	0.0
25716000	1	0.0464
25777920	0	0.0
25815000	1	0.157
25861200	0	0.0
25893480	1	0.1206
26035080	0	0.0
26065620	1	0.029
26116680	0	0.0
26134560	1	0.0106
26205960	0	0.0
26236320	1	0.1119
26380200	0	0.0
26411280	1	0.1299
26468100	0	0.0
26497560	1	0.1134
26730300	0	0.0
26748540	1	0.1551
26896680	0	0.0
26914440	1	0.1804
26986500	0	0.0
27017220	1	0.0878
27156240	0	0.0
27185880	1	0.0324
27332100	0	0.0
27371880	1	0.0784
27417000	0	0.0
27447960	1	0.0329
27508680	0	0.0
27533280	1	0.056
27592800	0	0.0
27616680	1	0.1304
27669840	0	0.0
27711120	1	0.0085
27846840	0	0.0
27865860	1	0.0433
27929340	0	0.0
27961080	1	0.0258
28025220	0	0.0
28067400	1	0.07
28105200	0	0.0
28132560	1	0.0918
28195680	0	0.0
28224120	1	0.1263
28370220	0	0.0
28402620	1	0.0299
28447500	0	0.0
28486920	1	0.0334
28627380	0	0.0
28653180	1	0.1116
28808520	0	0.0
28840920	1	0.1409
28888500	0	0.0
28918500	1	0.0881
29237340	0	0.0
29250900	1	0.1108
29316900	0	0.0
29353080	1	0.0795
29481420	0	0.0
29509680	1	0.0497
29663460	0	0.0
29682900	1	0.0375
29751360	0	0.0
29767080	1	0.0904
29843340	0	0.0
29868420	1	0.0576
29923260	0	0.0
29945340	1	0.0153
30012780	0	0.0
30038940	1	0.0565
30091080	0	0.0
30121320	1	0.0572
30184200	0	0.0
30212400	1	0.0357
30350820	0	0.0
30388380	1	0.1489
30437760	0	0.0
30465240	1	0.0156
30535260	0	0.0
30569700	1	0.0802
30700380	0	0.0
30724140	1	0.0683
30784920	0	0.0
30814560	1	0.0918
30958980	0	0.0
30979140	1	0.1698
31050720	0	0.0
31069080	1	0.0251
31133700	0	0.0
31168080	1	0.0884
31221420	0	0.0
31249020	1	0.0525
31307700	0	0.0
31322700	1	0.0632
31473300	0	0.0
31502040	1	0.0683
