#1
# BEV Profile
# ID: 81
# Created: 2023-08-24 13:57:45.797181
# This table contains boolean values. Each value is valid for the time interval until next data point.
float	data(501,3)
0	1	0.0
27480	0	0.0
61620	1	0.1647
114600	0	0.0
135300	1	0.2364
197340	0	0.0
230940	1	0.1065
292260	0	0.0
309660	1	0.2143
370860	0	0.0
408960	1	0.2838
463500	0	0.0
498120	1	0.074
635100	0	0.0
665280	1	0.0787
713940	0	0.0
748080	1	0.2166
802680	0	0.0
835740	1	0.2323
898740	0	0.0
921060	1	0.2297
979140	0	0.0
1013280	1	0.0437
1582320	0	0.0
1614240	1	0.1418
1672440	0	0.0
1706100	1	0.2801
1932540	0	0.0
1957740	1	0.3535
2194260	0	0.0
2209440	1	0.2605
2274960	0	0.0
2299920	1	0.1243
2364600	0	0.0
2387940	1	0.1238
2449740	0	0.0
2476680	1	0.0169
2625960	0	0.0
2647200	1	0.0489
2704320	0	0.0
2732700	1	0.1974
2792940	0	0.0
2824500	1	0.0176
2878920	0	0.0
2907960	1	0.2196
3225900	0	0.0
3252660	1	0.333
3401400	0	0.0
3422880	1	0.2962
3569220	0	0.0
3590460	1	0.0993
3653100	0	0.0
3676140	1	0.0784
3748620	0	0.0
3778920	1	0.0873
3829920	0	0.0
3857580	1	0.2346
3914040	0	0.0
3944580	1	0.107
4088640	0	0.0
4117740	1	0.1151
4172700	0	0.0
4197900	1	0.084
4255680	0	0.0
4284780	1	0.1141
4347840	0	0.0
4389840	1	0.1014
4521660	0	0.0
4557900	1	0.0862
4602120	0	0.0
4629540	1	0.2117
4866600	0	0.0
4908540	1	0.0996
4952220	0	0.0
4985460	1	0.2625
5041560	0	0.0
5063220	1	0.1248
5295840	0	0.0
5335260	1	0.1742
5382480	0	0.0
5413740	1	0.1097
5729760	0	0.0
5755620	1	0.2963
6075120	0	0.0
6110220	1	0.0665
6157680	0	0.0
6190080	1	0.1114
6245880	0	0.0
6270600	1	0.1423
6341760	0	0.0
6365160	1	0.3563
6429780	0	0.0
6443160	1	0.2303
6507960	0	0.0
6543060	1	0.2036
6682560	0	0.0
6722700	1	0.0622
6767100	0	0.0
6796680	1	0.0835
6852840	0	0.0
6884700	1	0.2065
7113540	0	0.0
7139820	1	0.1744
7376580	0	0.0
7393680	1	0.2239
7458780	0	0.0
7498680	1	0.3673
7630440	0	0.0
7664580	1	0.4173
7721520	0	0.0
7750740	1	0.2837
7976340	0	0.0
8003820	1	0.3396
8060940	0	0.0
8098620	1	0.399
8148900	0	0.0
8176260	1	0.2703
8406420	0	0.0
8444580	1	0.2034
8581020	0	0.0
8619240	1	0.1855
8670360	0	0.0
8699040	1	0.2941
8844240	0	0.0
8877420	1	0.2478
9011760	0	0.0
9041760	1	0.0725
9099300	0	0.0
9127620	1	0.27
9187200	0	0.0
9221280	1	0.099
9276600	0	0.0
9296880	1	0.3112
9356700	0	0.0
9376020	1	0.1867
9532200	0	0.0
9560160	1	0.1231
9619140	0	0.0
9643380	1	0.1198
9884340	0	0.0
9907860	1	0.219
10054860	0	0.0
10084020	1	0.2712
10143900	0	0.0
10158240	1	0.2024
10220220	0	0.0
10265520	1	0.1368
10393200	0	0.0
10424100	1	0.0947
10494780	0	0.0
10517520	1	0.2306
10566720	0	0.0
10589520	1	0.195
10743480	0	0.0
10780320	1	0.185
10903800	0	0.0
10948500	1	0.1442
11007000	0	0.0
11026500	1	0.2309
11089680	0	0.0
11122140	1	0.2324
11176200	0	0.0
11199960	1	0.1109
11262840	0	0.0
11289720	1	0.2235
11520660	0	0.0
11546700	1	0.0442
11692680	0	0.0
11712060	1	0.0675
11869440	0	0.0
11908080	1	0.2559
11943240	0	0.0
11991300	1	0.3635
12041220	0	0.0
12072240	1	0.1901
12215760	0	0.0
12238920	1	0.3742
12293460	0	0.0
12331080	1	0.2496
12383640	0	0.0
12415200	1	0.1315
12472080	0	0.0
12497880	1	0.1526
12725820	0	0.0
12765900	1	0.1553
12811980	0	0.0
12837900	1	0.0834
12901980	0	0.0
12928800	1	0.3041
12985020	0	0.0
13023300	1	0.1845
13159500	0	0.0
13197900	1	0.1173
13418220	0	0.0
13459320	1	0.1729
13510080	0	0.0
13538280	1	0.1123
13599540	0	0.0
13631820	1	0.1041
13679820	0	0.0
13703820	1	0.1231
13765560	0	0.0
13801920	1	0.4604
13938180	0	0.0
13964220	1	0.0183
14024280	0	0.0
14043300	1	0.1685
14120160	0	0.0
14151060	1	0.0837
14286240	0	0.0
14311680	1	0.0246
14373300	0	0.0
14397600	1	0.1161
14459580	0	0.0
14487600	1	0.0552
14546940	0	0.0
14569860	1	0.0469
14634720	0	0.0
14664600	1	0.3341
14714100	0	0.0
14739960	1	0.1058
14811060	0	0.0
14821620	1	0.1203
14973240	0	0.0
14988900	1	0.1904
15237540	0	0.0
15270120	1	0.361
15317340	0	0.0
15359520	1	0.0897
15579780	0	0.0
15611400	1	0.2595
15667140	0	0.0
15697320	1	0.0332
15921960	0	0.0
15961920	1	0.1591
16015020	0	0.0
16033740	1	0.4955
16275480	0	0.0
16310400	1	0.0795
16448700	0	0.0
16470900	1	0.1715
16529040	0	0.0
16557300	1	0.0541
16618740	0	0.0
16660740	1	0.1227
16709460	0	0.0
16736760	1	0.2067
17048280	0	0.0
17081220	1	0.2969
17135820	0	0.0
17173800	1	0.447
17228700	0	0.0
17255220	1	0.1959
17313840	0	0.0
17335680	1	0.1306
17398200	0	0.0
17426940	1	0.0943
17478060	0	0.0
17504340	1	0.1263
17655360	0	0.0
17696580	1	0.2258
17738580	0	0.0
17768460	1	0.1125
17824860	0	0.0
17849700	1	0.3473
17913720	0	0.0
17937900	1	0.1083
18260520	0	0.0
18294840	1	0.1086
18341160	0	0.0
18368700	1	0.096
18435240	0	0.0
18462300	1	0.1508
18515520	0	0.0
18549840	1	0.0646
18611760	0	0.0
18629820	1	0.2919
18775800	0	0.0
18800880	1	0.1917
18868980	0	0.0
18895320	1	0.0278
18953100	0	0.0
18993780	1	0.508
19037220	0	0.0
19069980	1	0.1111
19207980	0	0.0
19249620	1	0.38
19296300	0	0.0
19318380	1	0.0862
19382340	0	0.0
19409820	1	0.1216
19549980	0	0.0
19592640	1	0.0787
19641480	0	0.0
19658400	1	0.1855
19818060	0	0.0
19855740	1	0.2868
19983420	0	0.0
20013060	1	0.0692
20063580	0	0.0
20096700	1	0.5093
20162400	0	0.0
20185500	1	0.1595
20242920	0	0.0
20271000	1	0.2631
20332320	0	0.0
20371200	1	0.0494
20424600	0	0.0
20445660	1	0.0646
20506020	0	0.0
20540160	1	0.0381
20680440	0	0.0
20717940	1	0.2691
20840580	0	0.0
20884500	1	0.2463
20939340	0	0.0
20964000	1	0.2231
21114900	0	0.0
21142860	1	0.0786
21193320	0	0.0
21227280	1	0.1521
21282420	0	0.0
21310680	1	0.2783
21370440	0	0.0
21387060	1	0.1704
21453360	0	0.0
21486000	1	0.0913
21546480	0	0.0
21569520	1	0.2967
21625140	0	0.0
21642960	1	0.404
21718200	0	0.0
21748680	1	0.1413
21890160	0	0.0
21911940	1	0.0571
21972720	0	0.0
22005600	1	0.1742
22234080	0	0.0
22256700	1	0.1221
22318560	0	0.0
22337040	1	0.1614
22410120	0	0.0
22441260	1	0.0527
22587120	0	0.0
22607460	1	0.2712
22663260	0	0.0
22689180	1	0.0603
22752780	0	0.0
22785600	1	0.434
22841640	0	0.0
22865580	1	0.144
22927620	0	0.0
22947960	1	0.1232
23013060	0	0.0
23045760	1	0.1721
23098440	0	0.0
23120280	1	0.3034
23187480	0	0.0
23215860	1	0.1571
23271540	0	0.0
23295960	1	0.4138
23355960	0	0.0
23388660	1	0.1886
23441820	0	0.0
23472840	1	0.406
23532240	0	0.0
23560020	1	0.0319
23796480	0	0.0
23813400	1	0.1288
23874900	0	0.0
23901900	1	0.0037
23956320	0	0.0
23997120	1	0.3909
24047820	0	0.0
24082320	1	0.0694
24130980	0	0.0
24171480	1	0.2316
24225240	0	0.0
24255540	1	0.0268
24308880	0	0.0
24333420	1	0.3275
24393720	0	0.0
24427140	1	0.1488
24480900	0	0.0
24519360	1	0.2158
24565680	0	0.0
24594660	1	0.3538
24655500	0	0.0
24677580	1	0.2366
24910560	0	0.0
24933180	1	0.1525
25001160	0	0.0
25033200	1	0.1104
25081560	0	0.0
25113900	1	0.1452
25259340	0	0.0
25284840	1	0.2145
25515360	0	0.0
25549680	1	0.0117
25685520	0	0.0
25718520	1	0.2208
25773780	0	0.0
25815060	1	0.2266
25865940	0	0.0
25896000	1	0.4342
26123340	0	0.0
26158860	1	0.1804
26209680	0	0.0
26234700	1	0.2063
26295360	0	0.0
26314560	1	0.1391
26375040	0	0.0
26419320	1	0.0384
26471460	0	0.0
26493600	1	0.0529
26552520	0	0.0
26578500	1	0.2229
26900880	0	0.0
26926380	1	0.3279
27072540	0	0.0
27100140	1	0.3422
27243540	0	0.0
27263160	1	0.0705
27328320	0	0.0
27352200	1	0.2485
27420300	0	0.0
27439980	1	0.2969
27508560	0	0.0
27541200	1	0.2394
27585120	0	0.0
27616920	1	0.494
27672240	0	0.0
27704040	1	0.5
27936900	0	0.0
27976560	1	0.2999
28027680	0	0.0
28049700	1	0.2094
28102920	0	0.0
28143600	1	0.2324
28199820	0	0.0
28229460	1	0.1008
28539600	0	0.0
28558380	1	0.05
28622700	0	0.0
28661640	1	0.239
28802760	0	0.0
28833660	1	0.3008
28890960	0	0.0
28917060	1	0.0527
28981320	0	0.0
29002620	1	0.057
29233560	0	0.0
29264580	1	0.2807
29320500	0	0.0
29362860	1	0.1577
29405100	0	0.0
29430480	1	0.3069
29488560	0	0.0
29513580	1	0.2316
29581920	0	0.0
29606520	1	0.2998
29662320	0	0.0
29692140	1	0.1504
29753220	0	0.0
29768220	1	0.3822
29839860	0	0.0
29862600	1	0.4454
29926380	0	0.0
29949420	1	0.1865
30009720	0	0.0
30046680	1	0.1749
30094440	0	0.0
30121380	1	0.1215
30190320	0	0.0
30215280	1	0.2743
30271800	0	0.0
30292800	1	0.1577
30351180	0	0.0
30382800	1	0.0719
30443760	0	0.0
30484980	1	0.1174
30525660	0	0.0
30557340	1	0.1236
30612780	0	0.0
30657540	1	0.1731
30702180	0	0.0
30724080	1	0.1219
30966420	0	0.0
30980880	1	0.1858
31049100	0	0.0
31080780	1	0.1451
31131720	0	0.0
31153980	1	0.1343
31220220	0	0.0
31234020	1	0.0916
31302660	0	0.0
31327560	1	0.3658
31389180	0	0.0
31420560	1	0.1334
31473360	0	0.0
31511820	1	0.1437
