#1
# BEV Profile
# ID: 31
# Created: 2023-08-24 13:57:45.109680
# This table contains boolean values. Each value is valid for the time interval until next data point.
float	data(529,3)
0	1	0.0
115320	0	0.0
157380	1	0.1262
203220	0	0.0
212820	1	0.1359
287460	0	0.0
306180	1	0.2538
372660	0	0.0
384720	1	0.2082
551400	0	0.0
571560	1	0.0561
718380	0	0.0
749940	1	0.1527
803820	0	0.0
837300	1	0.1212
889500	0	0.0
931380	1	0.1805
978900	0	0.0
1001220	1	0.1797
1062900	0	0.0
1087800	1	0.2014
1150500	0	0.0
1190580	1	0.0606
1413240	0	0.0
1445100	1	0.2912
1499940	0	0.0
1524900	1	0.235
1585860	0	0.0
1615980	1	0.1228
1666200	0	0.0
1691940	1	0.1056
1755180	0	0.0
1780440	1	0.0244
1842180	0	0.0
1869720	1	0.0526
2015820	0	0.0
2040240	1	0.2521
2101860	0	0.0
2134200	1	0.1009
2187840	0	0.0
2224560	1	0.1329
2267700	0	0.0
2306820	1	0.0317
2534520	0	0.0
2561220	1	0.1976
2709120	0	0.0
2731740	1	0.1198
2790780	0	0.0
2812440	1	0.0891
2880420	0	0.0
2902740	1	0.2577
3137220	0	0.0
3158880	1	0.1426
3231120	0	0.0
3260280	1	0.1084
3308940	0	0.0
3333240	1	0.2475
3394020	0	0.0
3429600	1	0.3561
3479760	0	0.0
3513180	1	0.2992
3741600	0	0.0
3770700	1	0.0547
3909660	0	0.0
3954060	1	0.1649
3994800	0	0.0
4022880	1	0.0388
4091760	0	0.0
4113180	1	0.0855
4350180	0	0.0
4382580	1	0.0989
4432560	0	0.0
4467180	1	0.103
4611180	0	0.0
4635960	1	0.2856
4686540	0	0.0
4706340	1	0.0634
4781880	0	0.0
4812900	1	0.0427
4868580	0	0.0
4905180	1	0.027
4953360	0	0.0
4988700	1	0.0493
5033640	0	0.0
5052480	1	0.0596
5121360	0	0.0
5152860	1	0.2343
5212380	0	0.0
5240940	1	0.1357
5303880	0	0.0
5323980	1	0.0532
5384760	0	0.0
5408760	1	0.0681
5479500	0	0.0
5513280	1	0.0218
5554140	0	0.0
5583240	1	0.1517
5647080	0	0.0
5668380	1	0.1252
5817300	0	0.0
5841720	1	0.2577
5906520	0	0.0
5917200	1	0.0316
5991600	0	0.0
6016080	1	0.0551
6336240	0	0.0
6364740	1	0.2024
6503880	0	0.0
6540060	1	0.0775
6595260	0	0.0
6634140	1	0.055
6684300	0	0.0
6718920	1	0.0406
6765300	0	0.0
6798420	1	0.1653
6854220	0	0.0
6876480	1	0.2076
7028220	0	0.0
7072800	1	0.0609
7115340	0	0.0
7144200	1	0.2498
7200300	0	0.0
7229700	1	0.0274
7283160	0	0.0
7310520	1	0.0641
7368420	0	0.0
7409760	1	0.1072
7456020	0	0.0
7489140	1	0.0492
7544700	0	0.0
7569120	1	0.1915
7627140	0	0.0
7669560	1	0.1826
7722180	0	0.0
7733640	1	0.3202
7803840	0	0.0
7832640	1	0.0805
7883700	0	0.0
7918200	1	0.0508
7973940	0	0.0
7994640	1	0.2238
8066340	0	0.0
8095560	1	0.1237
8150220	0	0.0
8181660	1	0.1487
8239500	0	0.0
8268900	1	0.1987
8322720	0	0.0
8358840	1	0.3081
8491620	0	0.0
8521620	1	0.0455
8580000	0	0.0
8610780	1	0.1545
8668140	0	0.0
8699100	1	0.1081
8750640	0	0.0
8792160	1	0.1305
8841900	0	0.0
8865120	1	0.1028
8926800	0	0.0
8954220	1	0.1672
9185640	0	0.0
9224760	1	0.1777
9272580	0	0.0
9320820	1	0.1768
9443640	0	0.0
9472320	1	0.0695
9797340	0	0.0
9826860	1	0.0747
10139160	0	0.0
10167780	1	0.1535
10310520	0	0.0
10333500	1	0.071
10398960	0	0.0
10423500	1	0.2145
10656360	0	0.0
10689420	1	0.2211
10738020	0	0.0
10776660	1	0.0473
10829580	0	0.0
10869420	1	0.0687
11002260	0	0.0
11035920	1	0.0751
11091000	0	0.0
11117940	1	0.1614
11175780	0	0.0
11210160	1	0.1979
11344380	0	0.0
11380980	1	0.1698
11432160	0	0.0
11451480	1	0.0715
11509380	0	0.0
11561220	1	0.0439
11605320	0	0.0
11638380	1	0.2163
11776020	0	0.0
11810880	1	0.2826
11953140	0	0.0
11982540	1	0.2057
12033840	0	0.0
12066900	1	0.0174
12116700	0	0.0
12151080	1	0.0385
12208500	0	0.0
12235260	1	0.1308
12298800	0	0.0
12333420	1	0.0943
12465840	0	0.0
12494280	1	0.0996
12563280	0	0.0
12583620	1	0.1397
12645000	0	0.0
12673620	1	0.088
12817260	0	0.0
12850260	1	0.0586
12897480	0	0.0
12916740	1	0.1864
12994740	0	0.0
13000560	1	0.0672
13076580	0	0.0
13108800	1	0.2362
13336380	0	0.0
13353900	1	0.0456
13419720	0	0.0
13443240	1	0.1135
13504560	0	0.0
13538100	1	0.172
13591980	0	0.0
13633080	1	0.1729
13686420	0	0.0
13708740	1	0.1241
13761600	0	0.0
13789320	1	0.1499
13848960	0	0.0
13864140	1	0.0744
13932960	0	0.0
13973220	1	0.0557
14026620	0	0.0
14048820	1	0.2222
14114880	0	0.0
14148360	1	0.0478
14197140	0	0.0
14232240	1	0.2588
14291100	0	0.0
14318100	1	0.1235
14638380	0	0.0
14648220	1	0.2747
14708400	0	0.0
14730840	1	0.0946
14801640	0	0.0
14835420	1	0.0505
14883360	0	0.0
14909160	1	0.0972
14981220	0	0.0
15001500	1	0.0642
15060960	0	0.0
15105720	1	0.0368
15150180	0	0.0
15171720	1	0.0525
15236400	0	0.0
15264900	1	0.2004
15326340	0	0.0
15353700	1	0.1787
15408540	0	0.0
15433620	1	0.1106
15574440	0	0.0
15607800	1	0.366
15669060	0	0.0
15697080	1	0.0384
15840000	0	0.0
15853320	1	0.1921
15928440	0	0.0
15950280	1	0.2557
16010880	0	0.0
16050600	1	0.0758
16096680	0	0.0
16123860	1	0.0152
16272840	0	0.0
16303800	1	0.0208
16363020	0	0.0
16381740	1	0.0184
16445400	0	0.0
16466040	1	0.1307
16529340	0	0.0
16562160	1	0.1537
16618800	0	0.0
16638180	1	0.1351
16708680	0	0.0
16723080	1	0.2109
16791600	0	0.0
16816200	1	0.051
16874700	0	0.0
16904940	1	0.0558
16955340	0	0.0
17001660	1	0.0226
17215800	0	0.0
17245080	1	0.258
17306940	0	0.0
17343720	1	0.1662
17483640	0	0.0
17509200	1	0.0751
17570280	0	0.0
17600040	1	0.0107
17655780	0	0.0
17701620	1	0.2141
17735760	0	0.0
17775480	1	0.1994
17910000	0	0.0
17940180	1	0.0786
17998560	0	0.0
18018180	1	0.0376
18089220	0	0.0
18113820	1	0.0468
18172860	0	0.0
18205380	1	0.0759
18342120	0	0.0
18381300	1	0.1527
18434580	0	0.0
18468900	1	0.0164
18517740	0	0.0
18546540	1	0.1893
18601260	0	0.0
18642300	1	0.1223
18694500	0	0.0
18713340	1	0.0896
18860640	0	0.0
18891180	1	0.0549
18944280	0	0.0
18973320	1	0.1052
19119780	0	0.0
19161660	1	0.0948
19207440	0	0.0
19229220	1	0.0198
19298940	0	0.0
19309860	1	0.0588
19379760	0	0.0
19406880	1	0.0268
19463460	0	0.0
19479540	1	0.0895
19562520	0	0.0
19589160	1	0.1164
19634220	0	0.0
19660620	1	0.1159
19723680	0	0.0
19755660	1	0.2589
19810140	0	0.0
19842420	1	0.1911
19901220	0	0.0
19929300	1	0.0172
20073060	0	0.0
20111280	1	0.1128
20330520	0	0.0
20359020	1	0.0403
20497260	0	0.0
20527560	1	0.0431
20677380	0	0.0
20695920	1	0.0058
20767440	0	0.0
20792400	1	0.1839
20849220	0	0.0
20883600	1	0.1276
20930220	0	0.0
20954220	1	0.1545
21022560	0	0.0
21055800	1	0.0317
21285960	0	0.0
21327660	1	0.0128
21373140	0	0.0
21392340	1	0.0623
21457200	0	0.0
21480840	1	0.2259
21627240	0	0.0
21660900	1	0.0675
22054380	0	0.0
22100100	1	0.1713
22146540	0	0.0
22173720	1	0.1589
22322760	0	0.0
22349820	1	0.0636
22402980	0	0.0
22433220	1	0.0749
22577820	0	0.0
22607040	1	0.0481
22670760	0	0.0
22693680	1	0.0958
22745040	0	0.0
22777320	1	0.1071
22835580	0	0.0
22864020	1	0.2464
22929900	0	0.0
22961040	1	0.0747
23011500	0	0.0
23032440	1	0.0673
23094900	0	0.0
23139960	1	0.1614
23181480	0	0.0
23202180	1	0.123
23272200	0	0.0
23301780	1	0.1957
23356260	0	0.0
23378220	1	0.091
23441640	0	0.0
23466600	1	0.126
23529360	0	0.0
23560860	1	0.1184
23703780	0	0.0
23730840	1	0.2783
23781300	0	0.0
23818500	1	0.0771
23870580	0	0.0
23905020	1	0.0855
23960160	0	0.0
23992680	1	0.1098
24132480	0	0.0
24169200	1	0.0239
24303600	0	0.0
24332280	1	0.3537
24481620	0	0.0
24501060	1	0.0484
24566460	0	0.0
24597780	1	0.0974
24650820	0	0.0
24686340	1	0.1158
24994560	0	0.0
25026240	1	0.1612
25088220	0	0.0
25114080	1	0.3313
25173060	0	0.0
25198440	1	0.2077
25257420	0	0.0
25279260	1	0.051
25344600	0	0.0
25359240	1	0.06
25521960	0	0.0
25532640	1	0.082
25603260	0	0.0
25639260	1	0.3641
25687680	0	0.0
25714680	1	0.1538
25774380	0	0.0
25791900	1	0.29
25865040	0	0.0
25903740	1	0.1838
25947660	0	0.0
25980000	1	0.0066
26037240	0	0.0
26062560	1	0.0425
26117400	0	0.0
26153880	1	0.0088
26208360	0	0.0
26236140	1	0.0639
26378340	0	0.0
26402820	1	0.0591
26463240	0	0.0
26497800	1	0.1976
26638560	0	0.0
26668140	1	0.0494
26725920	0	0.0
26768400	1	0.081
26988660	0	0.0
27001680	1	0.1023
27064680	0	0.0
27094080	1	0.1032
27159300	0	0.0
27179820	1	0.0431
27325860	0	0.0
27366060	1	0.1267
27419820	0	0.0
27440040	1	0.1618
27507540	0	0.0
27538380	1	0.0297
27588420	0	0.0
27621360	1	0.2714
27675660	0	0.0
27709500	1	0.1044
27938220	0	0.0
27978180	1	0.1628
28023000	0	0.0
28056660	1	0.2762
28115760	0	0.0
28143540	1	0.0211
28366560	0	0.0
28393680	1	0.0425
28457460	0	0.0
28487880	1	0.066
28627560	0	0.0
28646040	1	0.0422
28712640	0	0.0
28752840	1	0.2379
28798560	0	0.0
28824060	1	0.2141
29150880	0	0.0
29175780	1	0.3379
29231820	0	0.0
29256540	1	0.2322
29406240	0	0.0
29440020	1	0.1234
29487960	0	0.0
29507160	1	0.1305
29742540	0	0.0
29769480	1	0.0784
29828400	0	0.0
29864340	1	0.0403
29918400	0	0.0
29968800	1	0.2283
30010080	0	0.0
30031620	1	0.0842
30094860	0	0.0
30126420	1	0.2458
30359160	0	0.0
30376620	1	0.2058
30442620	0	0.0
30466020	1	0.1041
30526140	0	0.0
30549780	1	0.0926
30697200	0	0.0
30725880	1	0.1826
30786720	0	0.0
30815460	1	0.0957
30958140	0	0.0
30988740	1	0.074
31128540	0	0.0
31156800	1	0.1096
31215360	0	0.0
31255500	1	0.1085
31304040	0	0.0
31337700	1	0.2439
31386000	0	0.0
31419420	1	0.059
