#1
# BEV Profile
# ID: 41
# Created: 2023-08-24 13:57:45.250304
# This table contains boolean values. Each value is valid for the time interval until next data point.
float	data(543,3)
0	1	0.0
33180	0	0.0
53640	1	0.0568
117000	0	0.0
148080	1	0.2057
374760	0	0.0
409560	1	0.3689
457680	0	0.0
500880	1	0.6175
546660	0	0.0
583140	1	0.1945
721560	0	0.0
753420	1	0.2262
811020	0	0.0
825780	1	0.3997
893880	0	0.0
917520	1	0.8242
976380	0	0.0
999720	1	0.1068
1326480	0	0.0
1352160	1	0.3136
1416300	0	0.0
1459740	1	0.0417
1585800	0	0.0
1609920	1	0.2128
1670880	0	0.0
1711920	1	0.4929
1763220	0	0.0
1786140	1	0.0704
2102880	0	0.0
2135340	1	0.0917
2278440	0	0.0
2304600	1	0.267
2361540	0	0.0
2403060	1	0.1664
2537580	0	0.0
2569200	1	0.1999
2620320	0	0.0
2654280	1	0.3622
2709660	0	0.0
2746140	1	0.4375
2793180	0	0.0
2812860	1	0.2587
2880060	0	0.0
2904900	1	0.3006
3135060	0	0.0
3181320	1	0.173
3227940	0	0.0
3261060	1	0.266
3315480	0	0.0
3323220	1	0.229
3388140	0	0.0
3425760	1	0.3159
3486900	0	0.0
3519600	1	0.285
3656820	0	0.0
3683040	1	0.1859
3737280	0	0.0
3779100	1	0.2867
3838260	0	0.0
3870960	1	0.0855
3916740	0	0.0
3944220	1	0.0436
4008360	0	0.0
4029240	1	0.0417
4087380	0	0.0
4125660	1	0.1864
4169220	0	0.0
4194240	1	0.0521
4347480	0	0.0
4390320	1	0.164
4443780	0	0.0
4464360	1	0.0868
4521300	0	0.0
4538700	1	0.1921
4609680	0	0.0
4631880	1	0.087
4697040	0	0.0
4730820	1	0.2055
4865640	0	0.0
4899660	1	0.0596
4951860	0	0.0
4980240	1	0.3798
5041260	0	0.0
5073180	1	0.1551
5134320	0	0.0
5150820	1	0.2786
5214180	0	0.0
5250780	1	0.495
5294040	0	0.0
5337660	1	0.4288
5383020	0	0.0
5420760	1	0.0536
5472900	0	0.0
5496360	1	0.0436
5552160	0	0.0
5604600	1	0.314
5638980	0	0.0
5678880	1	0.3011
5733180	0	0.0
5753760	1	0.2897
5818860	0	0.0
5841780	1	0.4627
5905140	0	0.0
5934840	1	0.2787
5992920	0	0.0
6024660	1	0.1371
6085200	0	0.0
6103020	1	0.0272
6339720	0	0.0
6369240	1	0.4235
6421500	0	0.0
6465420	1	0.2888
6509340	0	0.0
6535860	1	0.3689
6597840	0	0.0
6621600	1	0.0735
6680040	0	0.0
6698580	1	0.0142
6768360	0	0.0
6800280	1	0.4015
6850860	0	0.0
6890160	1	0.4724
6939480	0	0.0
6961500	1	0.2737
7111560	0	0.0
7143840	1	0.2216
7286280	0	0.0
7310040	1	0.1504
7367520	0	0.0
7382520	1	0.1187
7461360	0	0.0
7494000	1	0.4841
7546200	0	0.0
7571820	1	0.3024
7625940	0	0.0
7673940	1	0.3041
7718520	0	0.0
7752180	1	0.3552
7800720	0	0.0
7829640	1	0.0917
7891380	0	0.0
7922040	1	0.0407
7975500	0	0.0
8001780	1	0.2331
8152260	0	0.0
8178720	1	0.3895
8412720	0	0.0
8444160	1	0.1366
8584440	0	0.0
8613900	1	0.3154
8670360	0	0.0
8696220	1	0.2124
8757420	0	0.0
8783940	1	0.2078
8840700	0	0.0
8880600	1	0.2126
9012240	0	0.0
9041340	1	0.1141
9101700	0	0.0
9138480	1	0.0288
9182940	0	0.0
9204780	1	0.4033
9279060	0	0.0
9293400	1	0.1819
9447300	0	0.0
9469800	1	0.0817
9531840	0	0.0
9561960	1	0.3204
9611220	0	0.0
9654000	1	0.1872
9788400	0	0.0
9831420	1	0.4432
9885660	0	0.0
9915180	1	0.2265
9965820	0	0.0
9983640	1	0.3661
10051380	0	0.0
10072800	1	0.0968
10229220	0	0.0
10252380	1	0.1154
10308000	0	0.0
10328640	1	0.0529
10477080	0	0.0
10514460	1	0.0975
10572060	0	0.0
10600800	1	0.2919
10650360	0	0.0
10682700	1	0.0971
10743420	0	0.0
10766760	1	0.6269
10826400	0	0.0
10852800	1	0.0908
11006160	0	0.0
11029620	1	0.0546
11086440	0	0.0
11116260	1	0.1705
11173080	0	0.0
11181240	1	0.7455
11262960	0	0.0
11288460	1	0.3509
11347740	0	0.0
11388000	1	0.3189
11517780	0	0.0
11532720	1	0.0789
11611740	0	0.0
11617080	1	0.1392
11692620	0	0.0
11712900	1	0.4399
11872320	0	0.0
11908080	1	0.3007
11949720	0	0.0
11987880	1	0.2248
12296820	0	0.0
12320160	1	0.1725
12386100	0	0.0
12417420	1	0.4477
12468000	0	0.0
12511020	1	0.1705
12557580	0	0.0
12589380	1	0.1817
12641160	0	0.0
12678600	1	0.0623
12733380	0	0.0
12747600	1	0.0525
12821280	0	0.0
12842100	1	0.2068
12903480	0	0.0
12930840	1	0.5339
13255860	0	0.0
13281060	1	0.13
13422000	0	0.0
13454520	1	0.3275
13506300	0	0.0
13527780	1	0.4359
13591560	0	0.0
13629780	1	0.7542
13678740	0	0.0
13699140	1	0.0983
13763880	0	0.0
13808940	1	0.2834
13855680	0	0.0
13878720	1	0.0211
14028840	0	0.0
14048760	1	0.1785
14110560	0	0.0
14143320	1	0.0837
14200260	0	0.0
14225220	1	0.2334
14284140	0	0.0
14306520	1	0.2491
14377320	0	0.0
14396220	1	0.3323
14712180	0	0.0
14725620	1	0.0612
14796900	0	0.0
14836920	1	0.3165
14885340	0	0.0
14902320	1	0.2598
14979900	0	0.0
14998320	1	0.5565
15063300	0	0.0
15078240	1	0.115
15144180	0	0.0
15178440	1	0.1466
15240120	0	0.0
15256680	1	0.1501
15323880	0	0.0
15358320	1	0.4635
15400200	0	0.0
15429120	1	0.2084
15585300	0	0.0
15615180	1	0.2878
15745860	0	0.0
15787740	1	0.0406
15839640	0	0.0
15865380	1	0.2819
15929940	0	0.0
15952320	1	0.4424
16011900	0	0.0
16040880	1	0.184
16097100	0	0.0
16122180	1	0.494
16270620	0	0.0
16296840	1	0.0322
16354140	0	0.0
16386540	1	0.0154
16443360	0	0.0
16470780	1	0.294
16530720	0	0.0
16564320	1	0.2861
16613520	0	0.0
16638600	1	0.6021
16790520	0	0.0
16812840	1	0.3159
16867560	0	0.0
16909260	1	0.0722
16965180	0	0.0
17004300	1	0.0404
17047800	0	0.0
17086380	1	0.4565
17141700	0	0.0
17169780	1	0.3343
17225460	0	0.0
17259780	1	0.2052
17307000	0	0.0
17325840	1	0.3725
17388420	0	0.0
17415480	1	0.3339
17564100	0	0.0
17598000	1	0.1315
17646540	0	0.0
17673780	1	0.3588
17825880	0	0.0
17865540	1	0.179
17997780	0	0.0
18037680	1	0.2979
18176460	0	0.0
18195780	1	0.0991
18261120	0	0.0
18286080	1	0.5677
18608880	0	0.0
18635640	1	0.2998
18867240	0	0.0
18896880	1	0.3726
18957480	0	0.0
18978900	1	0.3851
19121220	0	0.0
19152420	1	0.3694
19210260	0	0.0
19251120	1	0.2264
19463160	0	0.0
19504560	1	0.0913
19556640	0	0.0
19582740	1	0.2997
19645260	0	0.0
19667340	1	0.3357
19725840	0	0.0
19752360	1	0.2583
19811520	0	0.0
19840740	1	0.0311
20078460	0	0.0
20098200	1	0.4043
20162880	0	0.0
20194740	1	0.1266
20250360	0	0.0
20259600	1	0.314
20335380	0	0.0
20348280	1	0.3632
20418300	0	0.0
20445840	1	0.1632
20506920	0	0.0
20531580	1	0.0339
20584260	0	0.0
20619900	1	0.0631
20766240	0	0.0
20781900	1	0.3344
20851500	0	0.0
20886840	1	0.3652
20943060	0	0.0
20974860	1	0.1859
21025500	0	0.0
21046560	1	0.301
21104040	0	0.0
21132960	1	0.0548
21286260	0	0.0
21309180	1	0.3654
21369960	0	0.0
21408720	1	0.0655
21457620	0	0.0
21500220	1	0.1901
21628740	0	0.0
21670740	1	0.4249
21719160	0	0.0
21739620	1	0.0328
21800700	0	0.0
21834720	1	0.0691
21888120	0	0.0
21923400	1	0.1822
21968280	0	0.0
22011960	1	0.2269
22056300	0	0.0
22087080	1	0.2527
22148220	0	0.0
22165320	1	0.4011
22235220	0	0.0
22265280	1	0.0759
22318380	0	0.0
22343040	1	0.1105
22408800	0	0.0
22429320	1	0.0087
22490340	0	0.0
22508640	1	0.3625
22577940	0	0.0
22615380	1	0.1307
22664820	0	0.0
22691280	1	0.3083
22752540	0	0.0
22783080	1	0.3217
22844100	0	0.0
22858620	1	0.199
22930620	0	0.0
22946220	1	0.1756
23089080	0	0.0
23132460	1	0.578
23184840	0	0.0
23213700	1	0.2732
23268480	0	0.0
23304840	1	0.4281
23354100	0	0.0
23388180	1	0.2813
23444400	0	0.0
23454720	1	0.0287
23705580	0	0.0
23730900	1	0.2209
23877840	0	0.0
23897040	1	0.2934
24045660	0	0.0
24079380	1	0.3305
24220080	0	0.0
24246900	1	0.0699
24306840	0	0.0
24329580	1	0.4236
24387480	0	0.0
24426600	1	0.3011
24478560	0	0.0
24520620	1	0.3557
24570060	0	0.0
24605940	1	0.2088
24651120	0	0.0
24676740	1	0.1453
24826980	0	0.0
24849540	1	0.0231
24910860	0	0.0
24933240	1	0.185
25087260	0	0.0
25104840	1	0.183
25175160	0	0.0
25203420	1	0.4269
25261980	0	0.0
25275840	1	0.4002
25427160	0	0.0
25457700	1	0.1671
25521900	0	0.0
25540980	1	0.2863
25608180	0	0.0
25642140	1	0.2379
25771380	0	0.0
25800540	1	0.3838
25863180	0	0.0
25899540	1	0.327
25948680	0	0.0
25966680	1	0.132
26116200	0	0.0
26133900	1	0.4221
26206380	0	0.0
26232180	1	0.4909
26296020	0	0.0
26314200	1	0.1759
26644920	0	0.0
26660280	1	0.1171
26725500	0	0.0
26742720	1	0.0531
26820060	0	0.0
26849160	1	0.7002
26898120	0	0.0
26909580	1	0.6022
26982840	0	0.0
27009960	1	0.8411
27067620	0	0.0
27100320	1	0.1761
27504480	0	0.0
27536880	1	0.2341
27592200	0	0.0
27625380	1	0.3243
27932400	0	0.0
27974760	1	0.2363
28019640	0	0.0
28042200	1	0.5104
28111080	0	0.0
28126920	1	0.1968
28192680	0	0.0
28226400	1	0.464
28282620	0	0.0
28318320	1	0.2766
28545780	0	0.0
28561500	1	0.3377
28623300	0	0.0
28653300	1	0.4895
28715220	0	0.0
28740600	1	0.5319
28800360	0	0.0
28826280	1	0.5917
28891140	0	0.0
28910760	1	0.4703
28973820	0	0.0
28999020	1	0.0768
29064960	0	0.0
29086740	1	0.1121
29149560	0	0.0
29178420	1	0.4942
29235000	0	0.0
29241720	1	0.1592
29319060	0	0.0
29352540	1	0.1866
29580780	0	0.0
29605680	1	0.0743
29664060	0	0.0
29683260	1	0.0778
29752080	0	0.0
29779140	1	0.2536
29833080	0	0.0
29864340	1	0.3038
29926320	0	0.0
29964660	1	0.4405
30005160	0	0.0
30027720	1	0.2401
30268200	0	0.0
30314460	1	0.0568
30351600	0	0.0
30378480	1	0.4145
30442560	0	0.0
30460200	1	0.2061
30521160	0	0.0
30564300	1	0.0428
30704220	0	0.0
30728580	1	0.4406
30887400	0	0.0
30913380	1	0.0232
30958620	0	0.0
30992940	1	0.2227
31042620	0	0.0
31065060	1	0.3539
31131960	0	0.0
31159380	1	0.0223
31226280	0	0.0
31251360	1	0.141
31298880	0	0.0
31346220	1	0.1159
31392120	0	0.0
31413480	1	0.0573
31480020	0	0.0
31500960	1	0.0714
