#1
# BEV Profile
# ID: 40
# Created: 2023-08-24 13:57:45.234681
# This table contains boolean values. Each value is valid for the time interval until next data point.
float	data(497,3)
0	1	0.0
111060	0	0.0
139680	1	0.2093
198300	0	0.0
228480	1	0.2853
289980	0	0.0
324360	1	0.2018
376560	0	0.0
403440	1	0.1341
461520	0	0.0
482040	1	0.3622
550380	0	0.0
588420	1	0.0436
716280	0	0.0
755940	1	0.231
805800	0	0.0
846300	1	0.2438
888240	0	0.0
934260	1	0.1199
979620	0	0.0
1006380	1	0.1927
1063080	0	0.0
1093080	1	0.2243
1236480	0	0.0
1271520	1	0.0339
1325760	0	0.0
1360620	1	0.1096
1404660	0	0.0
1437900	1	0.2234
1493520	0	0.0
1519620	1	0.1063
1583340	0	0.0
1604880	1	0.2536
1672500	0	0.0
1699860	1	0.2724
1926960	0	0.0
1949940	1	0.0532
2016120	0	0.0
2050740	1	0.0409
2099760	0	0.0
2133300	1	0.0512
2183520	0	0.0
2227620	1	0.1145
2273160	0	0.0
2296440	1	0.2811
2359740	0	0.0
2394660	1	0.0588
2442900	0	0.0
2466840	1	0.035
2617200	0	0.0
2648760	1	0.2746
2703660	0	0.0
2732400	1	0.2218
2793360	0	0.0
2821680	1	0.0556
2883420	0	0.0
2909160	1	0.0392
3053520	0	0.0
3074700	1	0.1136
3222840	0	0.0
3264300	1	0.1939
3315660	0	0.0
3348240	1	0.1164
3403980	0	0.0
3426240	1	0.0797
3494340	0	0.0
3509760	1	0.2679
3571920	0	0.0
3604560	1	0.0404
3659820	0	0.0
3688140	1	0.0849
3838560	0	0.0
3849120	1	0.2222
3920160	0	0.0
3940200	1	0.2107
4520820	0	0.0
4556880	1	0.0366
4609620	0	0.0
4640340	1	0.112
4697100	0	0.0
4725780	1	0.0519
4861260	0	0.0
4892160	1	0.0715
4957560	0	0.0
4976520	1	0.1269
5209680	0	0.0
5234880	1	0.0548
5291940	0	0.0
5333700	1	0.1989
5733060	0	0.0
5755020	1	0.2766
5817660	0	0.0
5853660	1	0.3147
5902200	0	0.0
5928600	1	0.2346
5994660	0	0.0
6030840	1	0.0341
6162000	0	0.0
6199920	1	0.2103
6241980	0	0.0
6275280	1	0.1346
6506520	0	0.0
6538920	1	0.1692
6592860	0	0.0
6613080	1	0.0352
6768840	0	0.0
6799440	1	0.1805
6853620	0	0.0
6879540	1	0.1021
6948900	0	0.0
6963960	1	0.0679
7115580	0	0.0
7144200	1	0.2617
7202880	0	0.0
7233420	1	0.0884
7373460	0	0.0
7404180	1	0.0957
7460940	0	0.0
7491540	1	0.1298
7626660	0	0.0
7656000	1	0.0453
7719420	0	0.0
7747740	1	0.1098
7802280	0	0.0
7835280	1	0.0568
7894860	0	0.0
7923240	1	0.1061
7973820	0	0.0
8012100	1	0.1329
8151600	0	0.0
8190420	1	0.1306
8245320	0	0.0
8256780	1	0.1303
8326260	0	0.0
8347020	1	0.128
8408100	0	0.0
8447460	1	0.064
8577780	0	0.0
8600040	1	0.1375
8668680	0	0.0
8692620	1	0.2361
8753220	0	0.0
8785440	1	0.0951
8841060	0	0.0
8868960	1	0.1598
8932920	0	0.0
8954040	1	0.2577
9100080	0	0.0
9131040	1	0.1088
9184860	0	0.0
9214080	1	0.2551
9271800	0	0.0
9304320	1	0.092
9362400	0	0.0
9378900	1	0.069
9440460	0	0.0
9460020	1	0.1203
9618420	0	0.0
9642900	1	0.1388
9706260	0	0.0
9736080	1	0.1114
9784680	0	0.0
9823920	1	0.0574
9965640	0	0.0
9991560	1	0.0918
10055700	0	0.0
10074540	1	0.1793
10142640	0	0.0
10176240	1	0.1128
10217940	0	0.0
10253340	1	0.0378
10310100	0	0.0
10331100	1	0.0245
10393320	0	0.0
10419360	1	0.3788
10568040	0	0.0
10590120	1	0.1692
10747260	0	0.0
10769940	1	0.1448
11088780	0	0.0
11120520	1	0.2236
11171340	0	0.0
11196480	1	0.2033
11254920	0	0.0
11305020	1	0.2002
11345100	0	0.0
11377440	1	0.0947
11432940	0	0.0
11468520	1	0.0492
11523180	0	0.0
11537880	1	0.108
11610000	0	0.0
11628060	1	0.1689
11691960	0	0.0
11730240	1	0.139
11866260	0	0.0
11885880	1	0.1579
11954160	0	0.0
11979540	1	0.0977
12045960	0	0.0
12062820	1	0.0433
12124200	0	0.0
12164340	1	0.0888
12210420	0	0.0
12251880	1	0.2136
12290820	0	0.0
12324000	1	0.1114
12470040	0	0.0
12499560	1	0.1616
12557460	0	0.0
12590700	1	0.1842
12646140	0	0.0
12688620	1	0.1075
12729000	0	0.0
12753840	1	0.071
12809400	0	0.0
12848820	1	0.0748
12901740	0	0.0
12930480	1	0.165
12985740	0	0.0
13013940	1	0.1315
13079520	0	0.0
13109100	1	0.2073
13165560	0	0.0
13193760	1	0.1274
13337460	0	0.0
13363260	1	0.0572
13418820	0	0.0
13451280	1	0.057
13592940	0	0.0
13616340	1	0.1676
13850220	0	0.0
13887720	1	0.082
14030460	0	0.0
14063580	1	0.1231
14107020	0	0.0
14127900	1	0.0522
14197680	0	0.0
14223840	1	0.1965
14281680	0	0.0
14310660	1	0.3689
14370120	0	0.0
14402220	1	0.3021
14546580	0	0.0
14574300	1	0.0926
14628660	0	0.0
14657880	1	0.0151
14717340	0	0.0
14763060	1	0.1057
14805480	0	0.0
14828940	1	0.2792
14974020	0	0.0
15002280	1	0.1794
15319440	0	0.0
15333300	1	0.1012
15408540	0	0.0
15420960	1	0.142
15493020	0	0.0
15525180	1	0.2929
15579180	0	0.0
15619920	1	0.2609
15754920	0	0.0
15782880	1	0.0346
16101960	0	0.0
16130640	1	0.1698
16185120	0	0.0
16197300	1	0.0695
16443840	0	0.0
16468500	1	0.1154
16528380	0	0.0
16559760	1	0.3073
16706460	0	0.0
16727820	1	0.1623
16790520	0	0.0
16817700	1	0.1652
17049000	0	0.0
17073420	1	0.3213
17132340	0	0.0
17157960	1	0.0723
17312940	0	0.0
17345700	1	0.1389
17392740	0	0.0
17422020	1	0.1992
17476860	0	0.0
17507760	1	0.0133
17656080	0	0.0
17680980	1	0.1385
17740620	0	0.0
17760900	1	0.0276
17828640	0	0.0
17849940	1	0.0467
17909880	0	0.0
17946660	1	0.1768
18005400	0	0.0
18030720	1	0.2658
18263700	0	0.0
18291600	1	0.0925
18338940	0	0.0
18375000	1	0.2883
18432840	0	0.0
18466800	1	0.1374
18524700	0	0.0
18538920	1	0.2113
18605940	0	0.0
18622800	1	0.0059
18775020	0	0.0
18807300	1	0.0356
19037040	0	0.0
19069080	1	0.041
19213020	0	0.0
19241700	1	0.1912
19556400	0	0.0
19587180	1	0.144
19640820	0	0.0
19676400	1	0.1534
19721220	0	0.0
19767900	1	0.1743
19807080	0	0.0
19841460	1	0.133
20071200	0	0.0
20095260	1	0.2034
20158740	0	0.0
20175360	1	0.2091
20245800	0	0.0
20282940	1	0.1793
20337300	0	0.0
20361720	1	0.1184
20595900	0	0.0
20615520	1	0.0454
20681340	0	0.0
20718840	1	0.1495
20765160	0	0.0
20792340	1	0.1236
20847900	0	0.0
20874120	1	0.048
20935080	0	0.0
20962800	1	0.1037
21021480	0	0.0
21061680	1	0.1357
21106980	0	0.0
21141420	1	0.1293
21201720	0	0.0
21223320	1	0.0111
21449040	0	0.0
21489900	1	0.149
21542640	0	0.0
21567780	1	0.3639
21631380	0	0.0
21650040	1	0.0891
21715260	0	0.0
21741780	1	0.0765
21886500	0	0.0
21936600	1	0.2285
21970740	0	0.0
22008720	1	0.3416
22063500	0	0.0
22090680	1	0.312
22318380	0	0.0
22346880	1	0.058
22407360	0	0.0
22434780	1	0.0283
22490160	0	0.0
22520820	1	0.0445
22575720	0	0.0
22600080	1	0.1634
22671240	0	0.0
22688100	1	0.2066
22839600	0	0.0
22864320	1	0.0887
22918680	0	0.0
22974840	1	0.0843
23009880	0	0.0
23038740	1	0.0829
23268360	0	0.0
23297520	1	0.2337
23361960	0	0.0
23379420	1	0.2388
23446920	0	0.0
23463540	1	0.096
23787180	0	0.0
23816160	1	0.202
23872380	0	0.0
23896620	1	0.0711
23957820	0	0.0
23997480	1	0.1532
24046980	0	0.0
24077340	1	0.2833
24308100	0	0.0
24339900	1	0.1427
24563400	0	0.0
24590220	1	0.2101
24643200	0	0.0
24676320	1	0.3009
24906480	0	0.0
24948060	1	0.4155
24996960	0	0.0
25037040	1	0.0702
25172820	0	0.0
25196400	1	0.0636
25340580	0	0.0
25372920	1	0.0965
25427880	0	0.0
25465860	1	0.0837
25688940	0	0.0
25713420	1	0.0636
25864200	0	0.0
25891200	1	0.2667
26126460	0	0.0
26158320	1	0.1828
26294460	0	0.0
26329560	1	0.2116
26385420	0	0.0
26406180	1	0.067
26467860	0	0.0
26498640	1	0.0176
26723760	0	0.0
26751300	1	0.1709
26817060	0	0.0
26843940	1	0.1173
26892180	0	0.0
26942040	1	0.2596
26986680	0	0.0
27008100	1	0.1595
27075840	0	0.0
27101280	1	0.1049
27243180	0	0.0
27255780	1	0.1148
27326220	0	0.0
27358800	1	0.1387
27413880	0	0.0
27435480	1	0.1288
27504600	0	0.0
27528540	1	0.1587
27580800	0	0.0
27614880	1	0.1705
27670200	0	0.0
27719040	1	0.1474
27763080	0	0.0
27798540	1	0.0565
27848520	0	0.0
27879600	1	0.0302
27934560	0	0.0
27970320	1	0.2421
28020780	0	0.0
28058880	1	0.0668
28107360	0	0.0
28132020	1	0.1886
28197180	0	0.0
28229760	1	0.2122
28372260	0	0.0
28398900	1	0.0393
28542060	0	0.0
28567440	1	0.1844
28619040	0	0.0
28659600	1	0.1917
28715160	0	0.0
28726860	1	0.2008
28802280	0	0.0
28829640	1	0.1358
28887660	0	0.0
28925280	1	0.0699
29151180	0	0.0
29180340	1	0.158
29236320	0	0.0
29273700	1	0.2909
29319120	0	0.0
29343840	1	0.1611
29401140	0	0.0
29414460	1	0.0923
29487660	0	0.0
29520540	1	0.3944
29830860	0	0.0
29863620	1	0.0738
29925720	0	0.0
29943840	1	0.3198
30007440	0	0.0
30033300	1	0.1031
30091500	0	0.0
30116880	1	0.0974
30181860	0	0.0
30204000	1	0.0419
30354180	0	0.0
30382680	1	0.0528
30612000	0	0.0
30652980	1	0.1504
30694200	0	0.0
30729060	1	0.182
30784740	0	0.0
30814260	1	0.0166
30962580	0	0.0
30975240	1	0.0208
31129080	0	0.0
31167780	1	0.0177
31304940	0	0.0
31330800	1	0.3037
31394160	0	0.0
31417200	1	0.0737
