#1
# BEV Profile
# ID: 122
# Created: 2023-08-24 13:57:46.312827
# This table contains boolean values. Each value is valid for the time interval until next data point.
float	data(515,3)
0	1	0.0
115200	0	0.0
146640	1	0.0779
206040	0	0.0
237900	1	0.084
290940	0	0.0
313320	1	0.1972
379200	0	0.0
393660	1	0.0209
460440	0	0.0
493740	1	0.1122
722280	0	0.0
726060	1	0.1269
808560	0	0.0
849780	1	0.1756
895200	0	0.0
927120	1	0.1523
976200	0	0.0
1002600	1	0.1892
1146660	0	0.0
1194480	1	0.0419
1240020	0	0.0
1276560	1	0.0902
1334580	0	0.0
1351320	1	0.1223
1408800	0	0.0
1431840	1	0.1429
1578120	0	0.0
1608480	1	0.1876
1666680	0	0.0
1695120	1	0.1358
1928400	0	0.0
1959240	1	0.1912
2186940	0	0.0
2213340	1	0.1392
2278560	0	0.0
2314920	1	0.1126
2362920	0	0.0
2386440	1	0.0205
2623500	0	0.0
2641560	1	0.1895
2706900	0	0.0
2735040	1	0.2276
2797020	0	0.0
2814000	1	0.0764
3051180	0	0.0
3087780	1	0.0399
3223860	0	0.0
3257220	1	0.1121
3484260	0	0.0
3522600	1	0.0384
3741000	0	0.0
3758760	1	0.1492
3826740	0	0.0
3863940	1	0.3969
3921300	0	0.0
3960360	1	0.0592
4006680	0	0.0
4033800	1	0.0614
4098420	0	0.0
4125540	1	0.1475
4348680	0	0.0
4387380	1	0.1729
4525200	0	0.0
4555740	1	0.111
4604340	0	0.0
4639620	1	0.1139
4689960	0	0.0
4715220	1	0.0359
4869360	0	0.0
4895700	1	0.0239
4955220	0	0.0
4990920	1	0.0597
5034060	0	0.0
5072280	1	0.2273
5124000	0	0.0
5148060	1	0.1593
5211360	0	0.0
5251860	1	0.1091
5303700	0	0.0
5332680	1	0.1808
5386080	0	0.0
5415060	1	0.0268
5556120	0	0.0
5584920	1	0.0308
5644140	0	0.0
5670120	1	0.0639
5732820	0	0.0
5752980	1	0.0584
5812440	0	0.0
5846100	1	0.1717
5987760	0	0.0
6016680	1	0.0452
6080760	0	0.0
6106860	1	0.0079
6161760	0	0.0
6192240	1	0.2236
6338220	0	0.0
6377940	1	0.23
6510060	0	0.0
6541320	1	0.1192
6597360	0	0.0
6616080	1	0.0239
6767340	0	0.0
6798060	1	0.0682
6858240	0	0.0
6881160	1	0.0639
7029900	0	0.0
7054260	1	0.2218
7104600	0	0.0
7154460	1	0.3456
7200660	0	0.0
7205880	1	0.0385
7373460	0	0.0
7400460	1	0.3162
7458300	0	0.0
7487640	1	0.1729
7633020	0	0.0
7663020	1	0.1917
7724640	0	0.0
7751340	1	0.286
7806300	0	0.0
7823280	1	0.0285
7979220	0	0.0
8000400	1	0.1854
8065560	0	0.0
8093100	1	0.0788
8152860	0	0.0
8169780	1	0.1013
8239020	0	0.0
8267580	1	0.1575
8318340	0	0.0
8339580	1	0.0781
8580540	0	0.0
8621940	1	0.1356
8670240	0	0.0
8701740	1	0.2933
8754000	0	0.0
8788260	1	0.3651
8844000	0	0.0
8881200	1	0.1072
8929620	0	0.0
8962500	1	0.2015
9190080	0	0.0
9209460	1	0.312
9271020	0	0.0
9306120	1	0.0783
9360300	0	0.0
9402480	1	0.1799
9446040	0	0.0
9476220	1	0.0701
9532320	0	0.0
9569640	1	0.1429
9616980	0	0.0
9642960	1	0.0174
9789660	0	0.0
9817920	1	0.0604
9878220	0	0.0
9913320	1	0.142
10054140	0	0.0
10084920	1	0.0879
10138920	0	0.0
10163280	1	0.1137
10398120	0	0.0
10424580	1	0.3054
10477860	0	0.0
10514220	1	0.0238
10564140	0	0.0
10591260	1	0.17
10658220	0	0.0
10681680	1	0.2546
10740600	0	0.0
10771860	1	0.1072
10918740	0	0.0
10938300	1	0.0199
11087640	0	0.0
11114280	1	0.131
11168100	0	0.0
11206860	1	0.1298
11259240	0	0.0
11291640	1	0.1362
11348400	0	0.0
11366400	1	0.0727
11432940	0	0.0
11457540	1	0.0148
11611620	0	0.0
11625600	1	0.1259
11691600	0	0.0
11723340	1	0.1496
11865360	0	0.0
11901420	1	0.108
11955060	0	0.0
11976720	1	0.0182
12036660	0	0.0
12063420	1	0.047
12121920	0	0.0
12161760	1	0.0507
12291540	0	0.0
12326160	1	0.2202
12556140	0	0.0
12582300	1	0.156
12899640	0	0.0
12927480	1	0.1553
13076100	0	0.0
13098960	1	0.2389
13164060	0	0.0
13187400	1	0.071
13251540	0	0.0
13288140	1	0.0652
13334100	0	0.0
13378980	1	0.047
13419960	0	0.0
13435380	1	0.1134
13506000	0	0.0
13539780	1	0.0441
13596480	0	0.0
13623420	1	0.0759
13679880	0	0.0
13709280	1	0.1714
13769280	0	0.0
13794360	1	0.1318
13938660	0	0.0
13976040	1	0.0186
14026080	0	0.0
14058240	1	0.0662
14108820	0	0.0
14150640	1	0.1913
14198220	0	0.0
14226360	1	0.2261
14283480	0	0.0
14302500	1	0.1158
14372460	0	0.0
14401740	1	0.142
14627760	0	0.0
14658240	1	0.181
14718180	0	0.0
14752320	1	0.2135
14802840	0	0.0
14823840	1	0.1257
14885880	0	0.0
14918340	1	0.1668
14975700	0	0.0
15011700	1	0.1419
15063300	0	0.0
15093780	1	0.0438
15236820	0	0.0
15250020	1	0.0973
15318180	0	0.0
15354900	1	0.1357
15489240	0	0.0
15518520	1	0.1554
15583860	0	0.0
15611100	1	0.2654
15662460	0	0.0
15696000	1	0.0195
15924360	0	0.0
15975780	1	0.1686
16017780	0	0.0
16036620	1	0.0661
16096200	0	0.0
16128240	1	0.1152
16179840	0	0.0
16221780	1	0.2426
16274880	0	0.0
16305180	1	0.0594
16536540	0	0.0
16569840	1	0.1514
16619760	0	0.0
16658220	1	0.069
16699800	0	0.0
16731780	1	0.1576
16788780	0	0.0
16815240	1	0.1068
17050560	0	0.0
17081700	1	0.2148
17220060	0	0.0
17246040	1	0.0801
17310660	0	0.0
17321760	1	0.1444
17397660	0	0.0
17421120	1	0.1439
17658720	0	0.0
17684040	1	0.0307
17746560	0	0.0
17770920	1	0.1483
17909400	0	0.0
17940840	1	0.1825
17996760	0	0.0
18037980	1	0.162
18258540	0	0.0
18289140	1	0.0706
18434880	0	0.0
18464580	1	0.2119
18520020	0	0.0
18549480	1	0.1264
18692940	0	0.0
18717120	1	0.0253
18867480	0	0.0
18900840	1	0.1583
18944880	0	0.0
18967320	1	0.1154
19031640	0	0.0
19064340	1	0.12
19127220	0	0.0
19145940	1	0.2231
19212780	0	0.0
19246860	1	0.2149
19298580	0	0.0
19332300	1	0.0193
19555740	0	0.0
19595280	1	0.1801
19644420	0	0.0
19665720	1	0.0986
19731900	0	0.0
19758240	1	0.1704
19818780	0	0.0
19851720	1	0.0674
19907880	0	0.0
19936800	1	0.0708
19987560	0	0.0
20030820	1	0.0377
20075160	0	0.0
20103000	1	0.1148
20164560	0	0.0
20190660	1	0.1624
20422680	0	0.0
20454060	1	0.0539
20508360	0	0.0
20524980	1	0.0307
20676420	0	0.0
20706900	1	0.1698
20771880	0	0.0
20787600	1	0.0969
20849700	0	0.0
20873880	1	0.0923
20943000	0	0.0
20967660	1	0.1141
21020460	0	0.0
21044040	1	0.1222
21112740	0	0.0
21142140	1	0.0018
21196740	0	0.0
21229320	1	0.0314
21283740	0	0.0
21307200	1	0.1335
21367560	0	0.0
21400440	1	0.1301
21456300	0	0.0
21488820	1	0.353
21542040	0	0.0
21564540	1	0.1327
21624780	0	0.0
21658440	1	0.1014
21799200	0	0.0
21808260	1	0.0613
21975120	0	0.0
22002000	1	0.0847
22238400	0	0.0
22266360	1	0.0986
22404960	0	0.0
22426440	1	0.0464
22494420	0	0.0
22519860	1	0.1034
22580400	0	0.0
22609320	1	0.0747
22668780	0	0.0
22690740	1	0.1399
22756200	0	0.0
22784100	1	0.0733
22840020	0	0.0
22871100	1	0.2692
23101080	0	0.0
23136120	1	0.189
23178660	0	0.0
23200080	1	0.1907
23272260	0	0.0
23300520	1	0.1133
23355060	0	0.0
23386080	1	0.1502
23443440	0	0.0
23465460	1	0.0585
23697420	0	0.0
23714280	1	0.1268
23869800	0	0.0
23908380	1	0.0609
24053760	0	0.0
24076680	1	0.0455
24219420	0	0.0
24248100	1	0.0288
24309120	0	0.0
24326460	1	0.0842
24393060	0	0.0
24421320	1	0.1699
24483660	0	0.0
24504240	1	0.1469
24645840	0	0.0
24682080	1	0.0781
24738300	0	0.0
24766260	1	0.0351
24823320	0	0.0
24850740	1	0.0329
24913980	0	0.0
24935160	1	0.2308
24995160	0	0.0
25028400	1	0.1905
25086240	0	0.0
25108980	1	0.1815
25169160	0	0.0
25203060	1	0.0516
25341120	0	0.0
25369200	1	0.0276
25429080	0	0.0
25470240	1	0.0247
25518420	0	0.0
25549860	1	0.1931
25607100	0	0.0
25632540	1	0.1521
25690560	0	0.0
25710180	1	0.0754
25864500	0	0.0
25879380	1	0.0558
25950420	0	0.0
25980540	1	0.0562
26029020	0	0.0
26071620	1	0.034
26124120	0	0.0
26152560	1	0.1006
26204460	0	0.0
26224080	1	0.217
26296560	0	0.0
26330700	1	0.1499
26383320	0	0.0
26416380	1	0.0297
26461200	0	0.0
26488620	1	0.2782
26816700	0	0.0
26835120	1	0.0437
26896740	0	0.0
26939820	1	0.2347
27067920	0	0.0
27108000	1	0.0603
27163020	0	0.0
27191820	1	0.036
27329160	0	0.0
27359160	1	0.0701
27411120	0	0.0
27444360	1	0.0829
27583380	0	0.0
27629040	1	0.0448
27767220	0	0.0
27800160	1	0.0384
27843300	0	0.0
27872400	1	0.0324
27939480	0	0.0
27966000	1	0.2086
28025880	0	0.0
28057560	1	0.3064
28114080	0	0.0
28136400	1	0.0926
28194360	0	0.0
28227780	1	0.1942
28282620	0	0.0
28312200	1	0.2195
28451700	0	0.0
28490040	1	0.0201
28537200	0	0.0
28556760	1	0.0094
28623480	0	0.0
28648320	1	0.1456
28714620	0	0.0
28735620	1	0.0962
28885440	0	0.0
28916220	1	0.0968
28968480	0	0.0
29001720	1	0.0361
29233200	0	0.0
29275560	1	0.089
29313300	0	0.0
29334180	1	0.0823
29397840	0	0.0
29432760	1	0.1266
29576400	0	0.0
29609940	1	0.0287
29753520	0	0.0
29784480	1	0.1152
29835000	0	0.0
29867340	1	0.0744
29922420	0	0.0
29963700	1	0.0503
30006960	0	0.0
30038760	1	0.1036
30092580	0	0.0
30129720	1	0.1234
30266400	0	0.0
30281640	1	0.0556
30353940	0	0.0
30384840	1	0.1122
30442140	0	0.0
30468420	1	0.1493
30525000	0	0.0
30550920	1	0.1285
30615420	0	0.0
30643860	1	0.0861
30697560	0	0.0
30723480	1	0.1514
30960120	0	0.0
30986760	1	0.2429
31047420	0	0.0
31085100	1	0.1868
31131900	0	0.0
31173840	1	0.0418
31307220	0	0.0
31341660	1	0.1989
31479720	0	0.0
31505820	1	0.0135
