#1
# BEV Profile
# ID: 22
# Created: 2023-08-24 13:57:44.984680
# This table contains boolean values. Each value is valid for the time interval until next data point.
float	data(509,3)
0	1	0.0
36360	0	0.0
41520	1	0.0274
116340	0	0.0
144840	1	0.0738
198300	0	0.0
240540	1	0.1894
374640	0	0.0
398880	1	0.099
456900	0	0.0
485220	1	0.2875
629100	0	0.0
666960	1	0.0701
718080	0	0.0
752880	1	0.156
804420	0	0.0
848100	1	0.1086
979020	0	0.0
1009620	1	0.031
1063560	0	0.0
1079160	1	0.0696
1148400	0	0.0
1178280	1	0.0286
1582740	0	0.0
1611060	1	0.2262
1667640	0	0.0
1695900	1	0.0741
1843860	0	0.0
1878240	1	0.05
1932240	0	0.0
1943700	1	0.1669
2014200	0	0.0
2032500	1	0.0023
2106060	0	0.0
2144160	1	0.0823
2192040	0	0.0
2213340	1	0.1758
2276880	0	0.0
2305740	1	0.0455
2875440	0	0.0
2906460	1	0.0987
2965980	0	0.0
3005640	1	0.0358
3050220	0	0.0
3087600	1	0.0241
3140640	0	0.0
3165360	1	0.1212
3234000	0	0.0
3262620	1	0.1581
3316080	0	0.0
3337920	1	0.088
3399600	0	0.0
3423600	1	0.1736
3483900	0	0.0
3491400	1	0.0425
3744600	0	0.0
3775440	1	0.09
3829260	0	0.0
3859320	1	0.0202
3921000	0	0.0
3944940	1	0.2176
4084740	0	0.0
4117260	1	0.0923
4345440	0	0.0
4376640	1	0.0833
4436520	0	0.0
4467420	1	0.0526
4518600	0	0.0
4548900	1	0.2489
4608720	0	0.0
4634220	1	0.2047
4691100	0	0.0
4717320	1	0.0724
4949340	0	0.0
4990500	1	0.1584
5037780	0	0.0
5068860	1	0.0621
5125980	0	0.0
5150520	1	0.1305
5215320	0	0.0
5247660	1	0.1474
5297580	0	0.0
5326200	1	0.2629
5467800	0	0.0
5505840	1	0.0234
5564940	0	0.0
5591100	1	0.0308
5818560	0	0.0
5846580	1	0.0754
5905860	0	0.0
5936820	1	0.2722
5994300	0	0.0
6017340	1	0.0204
6165540	0	0.0
6202620	1	0.1518
6251820	0	0.0
6291240	1	0.1005
6419340	0	0.0
6452040	1	0.1155
6598080	0	0.0
6627300	1	0.0349
6683700	0	0.0
6714960	1	0.0573
6768840	0	0.0
6790620	1	0.0768
6860640	0	0.0
6882960	1	0.2215
6939540	0	0.0
6972420	1	0.1408
7028340	0	0.0
7062600	1	0.1258
7115820	0	0.0
7148760	1	0.0683
7193220	0	0.0
7245480	1	0.0226
7456980	0	0.0
7484280	1	0.1893
7630980	0	0.0
7659900	1	0.1089
7977600	0	0.0
8019960	1	0.1995
8062380	0	0.0
8091180	1	0.146
8147520	0	0.0
8187780	1	0.0723
8238780	0	0.0
8264520	1	0.0433
8324220	0	0.0
8350440	1	0.0798
8403360	0	0.0
8428200	1	0.0118
8591340	0	0.0
8613600	1	0.1891
8673000	0	0.0
8692020	1	0.1994
8754120	0	0.0
8784420	1	0.0804
8842560	0	0.0
8875440	1	0.0698
8925900	0	0.0
8960820	1	0.0846
9007140	0	0.0
9039480	1	0.008
9185460	0	0.0
9222840	1	0.1323
9281400	0	0.0
9302160	1	0.2011
9358500	0	0.0
9377160	1	0.1202
9445320	0	0.0
9472320	1	0.1888
9529200	0	0.0
9551280	1	0.1635
9711240	0	0.0
9731400	1	0.0181
9791700	0	0.0
9820440	1	0.1888
9870120	0	0.0
9897960	1	0.0814
9965040	0	0.0
9987120	1	0.2162
10052940	0	0.0
10081200	1	0.0912
10224960	0	0.0
10258740	1	0.037
10311300	0	0.0
10326240	1	0.0329
10398780	0	0.0
10418160	1	0.1303
10485360	0	0.0
10511340	1	0.1131
10653900	0	0.0
10694700	1	0.0992
10746360	0	0.0
10761900	1	0.0681
10915200	0	0.0
10949580	1	0.012
11003220	0	0.0
11023920	1	0.1888
11174040	0	0.0
11193900	1	0.0527
11611680	0	0.0
11643780	1	0.0933
11693940	0	0.0
11725260	1	0.1996
11778180	0	0.0
11818320	1	0.0826
11951400	0	0.0
11995740	1	0.0644
12122940	0	0.0
12156060	1	0.029
12212520	0	0.0
12232920	1	0.0881
12385140	0	0.0
12414780	1	0.1802
12464340	0	0.0
12499980	1	0.2124
12560640	0	0.0
12591120	1	0.1092
12644040	0	0.0
12667320	1	0.0364
12808500	0	0.0
12843780	1	0.1244
12905640	0	0.0
12925680	1	0.1245
12988200	0	0.0
13001700	1	0.0081
13078800	0	0.0
13114620	1	0.0853
13161900	0	0.0
13188780	1	0.0561
13337040	0	0.0
13368060	1	0.0718
13420140	0	0.0
13445220	1	0.0906
13592880	0	0.0
13631280	1	0.1851
13675140	0	0.0
13719420	1	0.2394
13773840	0	0.0
13790820	1	0.1434
13848600	0	0.0
13887840	1	0.0466
13941000	0	0.0
13955400	1	0.0222
14029560	0	0.0
14059020	1	0.2001
14115540	0	0.0
14143860	1	0.2407
14203080	0	0.0
14230620	1	0.2277
14288100	0	0.0
14305620	1	0.0882
14457300	0	0.0
14484840	1	0.0306
14632920	0	0.0
14652180	1	0.1543
14711940	0	0.0
14750220	1	0.1156
14803800	0	0.0
14834040	1	0.0555
14882340	0	0.0
14914020	1	0.2642
14969340	0	0.0
15016440	1	0.139
15324840	0	0.0
15356460	1	0.1599
15407100	0	0.0
15444480	1	0.0491
15492660	0	0.0
15516840	1	0.1641
15582780	0	0.0
15604740	1	0.0887
15841860	0	0.0
15868920	1	0.0422
15933000	0	0.0
15960000	1	0.2216
16009260	0	0.0
16055820	1	0.0883
16100400	0	0.0
16113840	1	0.0245
16270440	0	0.0
16298220	1	0.0634
16442100	0	0.0
16473240	1	0.1048
16524240	0	0.0
16561200	1	0.0979
16614060	0	0.0
16647840	1	0.1782
16705560	0	0.0
16744500	1	0.0331
16873680	0	0.0
16898580	1	0.0556
17047620	0	0.0
17079900	1	0.2689
17138220	0	0.0
17165580	1	0.0266
17221620	0	0.0
17256840	1	0.103
17310000	0	0.0
17322540	1	0.1087
17396100	0	0.0
17427120	1	0.0975
17574420	0	0.0
17598720	1	0.029
17653560	0	0.0
17678280	1	0.1505
17736540	0	0.0
17772060	1	0.0124
17828460	0	0.0
17858940	1	0.0892
18349080	0	0.0
18378300	1	0.0255
18519840	0	0.0
18547860	1	0.2012
18693900	0	0.0
18721500	1	0.0439
18780540	0	0.0
18802020	1	0.0382
18868140	0	0.0
18904440	1	0.116
18950280	0	0.0
18965400	1	0.0467
19038360	0	0.0
19062600	1	0.0775
19205220	0	0.0
19247040	1	0.0872
19475040	0	0.0
19495500	1	0.1157
19637760	0	0.0
19667160	1	0.1623
19733640	0	0.0
19768560	1	0.3454
19810140	0	0.0
19825440	1	0.1752
19899180	0	0.0
19927020	1	0.0504
20163060	0	0.0
20193840	1	0.1261
20597460	0	0.0
20621760	1	0.01
20844960	0	0.0
20881200	1	0.1898
20945160	0	0.0
20968140	1	0.1317
21021420	0	0.0
21048120	1	0.2695
21286020	0	0.0
21307860	1	0.0773
21370920	0	0.0
21402480	1	0.2407
21457680	0	0.0
21482640	1	0.0915
21547860	0	0.0
21570120	1	0.1698
21715080	0	0.0
21757980	1	0.0407
21800520	0	0.0
21825060	1	0.0093
21889200	0	0.0
21919920	1	0.1733
21980640	0	0.0
21992100	1	0.1192
22065060	0	0.0
22081500	1	0.0538
22235700	0	0.0
22274340	1	0.0751
22501080	0	0.0
22503240	1	0.0496
22753260	0	0.0
22786380	1	0.2076
22844280	0	0.0
22864980	1	0.2513
22922220	0	0.0
22947120	1	0.0122
23094420	0	0.0
23122140	1	0.2401
23187840	0	0.0
23215020	1	0.185
23272680	0	0.0
23306460	1	0.1277
23353680	0	0.0
23387520	1	0.0599
23439420	0	0.0
23472900	1	0.1114
23532840	0	0.0
23556420	1	0.0286
23703420	0	0.0
23738340	1	0.1523
23874600	0	0.0
23900520	1	0.1568
23963940	0	0.0
23985960	1	0.1049
24050880	0	0.0
24079980	1	0.2908
24390780	0	0.0
24422880	1	0.1401
24564660	0	0.0
24596940	1	0.145
24659040	0	0.0
24682380	1	0.038
24734940	0	0.0
24766860	1	0.017
24826320	0	0.0
24845220	1	0.032
24913200	0	0.0
24942480	1	0.0364
24995760	0	0.0
25040100	1	0.0775
25091940	0	0.0
25104480	1	0.0645
25172760	0	0.0
25193700	1	0.199
25255140	0	0.0
25284300	1	0.0823
25345980	0	0.0
25386120	1	0.036
25428780	0	0.0
25451580	1	0.0152
25512900	0	0.0
25539780	1	0.1188
25610160	0	0.0
25647300	1	0.0388
25687980	0	0.0
25730340	1	0.1351
25773720	0	0.0
25805880	1	0.1283
25860660	0	0.0
25882440	1	0.17
26038320	0	0.0
26056620	1	0.0404
26120220	0	0.0
26156100	1	0.115
26214600	0	0.0
26247180	1	0.2969
26292600	0	0.0
26322900	1	0.1728
26640660	0	0.0
26675220	1	0.0226
26724000	0	0.0
26752680	1	0.2068
26811420	0	0.0
26837760	1	0.0479
26907480	0	0.0
26927940	1	0.1534
26981820	0	0.0
27010500	1	0.0415
27065460	0	0.0
27107640	1	0.1533
27245340	0	0.0
27271380	1	0.0394
27329340	0	0.0
27363360	1	0.1122
27408240	0	0.0
27441240	1	0.0689
27501240	0	0.0
27518880	1	0.0993
27679860	0	0.0
27705360	1	0.0662
27849600	0	0.0
27885000	1	0.0147
27935820	0	0.0
27972300	1	0.1002
28111500	0	0.0
28140540	1	0.0677
28196040	0	0.0
28224660	1	0.0516
28279500	0	0.0
28298940	1	0.1527
28453200	0	0.0
28493160	1	0.0494
28539180	0	0.0
28553100	1	0.1101
28711260	0	0.0
28741620	1	0.1104
28799340	0	0.0
28833360	1	0.2374
28886820	0	0.0
28915140	1	0.1291
28974360	0	0.0
29005020	1	0.0139
29052300	0	0.0
29082900	1	0.0126
29145540	0	0.0
29175780	1	0.0576
29224500	0	0.0
29253060	1	0.0774
29306160	0	0.0
29342640	1	0.266
29404440	0	0.0
29417520	1	0.1664
29488260	0	0.0
29527080	1	0.0913
29575740	0	0.0
29590800	1	0.0217
29660880	0	0.0
29702700	1	0.0377
29753640	0	0.0
29785080	1	0.1319
29839080	0	0.0
29855760	1	0.0863
29918220	0	0.0
29951580	1	0.2393
30010740	0	0.0
30062520	1	0.2165
30092580	0	0.0
30115620	1	0.1613
30268140	0	0.0
30299760	1	0.0382
30348960	0	0.0
30371820	1	0.1117
30448200	0	0.0
30467520	1	0.0666
30523440	0	0.0
30569640	1	0.0689
30613680	0	0.0
30633900	1	0.105
30702420	0	0.0
30706320	1	0.1087
30969780	0	0.0
30987900	1	0.0814
31045200	0	0.0
31073820	1	0.1204
31131780	0	0.0
31158540	1	0.0823
31305420	0	0.0
31323120	1	0.1028
31477320	0	0.0
31500120	1	0.0201
