#1
# BEV Profile
# ID: 119
# Created: 2023-08-24 13:57:46.281689
# This table contains boolean values. Each value is valid for the time interval until next data point.
float	data(489,3)
0	1	0.0
112140	0	0.0
139920	1	0.1567
373620	0	0.0
401820	1	0.1535
457740	0	0.0
487140	1	0.1085
539460	0	0.0
572760	1	0.0961
633420	0	0.0
661680	1	0.0221
809520	0	0.0
829020	1	0.1798
897600	0	0.0
909600	1	0.1476
1065540	0	0.0
1068900	1	0.1312
1153440	0	0.0
1157640	1	0.068
1666680	0	0.0
1720860	1	0.0861
1758900	0	0.0
1779840	1	0.0875
1929960	0	0.0
1951800	1	0.0151
2014260	0	0.0
2048520	1	0.1292
2189880	0	0.0
2211180	1	0.0844
2276700	0	0.0
2305980	1	0.192
2370120	0	0.0
2393040	1	0.0717
2536320	0	0.0
2546820	1	0.1241
2626080	0	0.0
2651580	1	0.0761
2704920	0	0.0
2739780	1	0.0769
2794620	0	0.0
2819160	1	0.2199
2883240	0	0.0
2902380	1	0.1343
3057960	0	0.0
3087480	1	0.0401
3223380	0	0.0
3269880	1	0.1093
3315600	0	0.0
3341880	1	0.1796
3402600	0	0.0
3424380	1	0.1495
3657780	0	0.0
3680640	1	0.0742
3745620	0	0.0
3761520	1	0.1266
3838800	0	0.0
3859440	1	0.0179
4003680	0	0.0
4022580	1	0.0582
4091340	0	0.0
4123620	1	0.1791
4174500	0	0.0
4209720	1	0.061
4352820	0	0.0
4375680	1	0.1116
4437660	0	0.0
4464600	1	0.0621
4523820	0	0.0
4557720	1	0.1045
4696740	0	0.0
4717680	1	0.1165
4954440	0	0.0
4974960	1	0.0538
5041080	0	0.0
5063460	1	0.1434
5127900	0	0.0
5158740	1	0.0332
5208360	0	0.0
5242620	1	0.2059
5301120	0	0.0
5328720	1	0.1548
5470680	0	0.0
5509020	1	0.0447
5560740	0	0.0
5595060	1	0.0152
6075840	0	0.0
6102900	1	0.0404
6161460	0	0.0
6197520	1	0.1422
6251460	0	0.0
6276060	1	0.0836
6424920	0	0.0
6457860	1	0.0984
6507420	0	0.0
6524820	1	0.0596
6595140	0	0.0
6614580	1	0.0424
6677340	0	0.0
6711540	1	0.0281
6776760	0	0.0
6789240	1	0.2584
6859260	0	0.0
6880740	1	0.0414
6941280	0	0.0
6973980	1	0.0662
7113660	0	0.0
7142700	1	0.1136
7459800	0	0.0
7492980	1	0.1983
7541640	0	0.0
7572240	1	0.1704
8150040	0	0.0
8182260	1	0.1139
8237280	0	0.0
8267220	1	0.1469
8413980	0	0.0
8440140	1	0.0384
8576040	0	0.0
8601900	1	0.2826
8757480	0	0.0
8794920	1	0.0882
8839860	0	0.0
8874900	1	0.1759
8926440	0	0.0
8962020	1	0.1202
9265320	0	0.0
9313560	1	0.166
9452940	0	0.0
9456420	1	0.1669
9706320	0	0.0
9740340	1	0.0401
9788280	0	0.0
9808020	1	0.0075
9968340	0	0.0
9982560	1	0.1244
10053180	0	0.0
10086600	1	0.1653
10135980	0	0.0
10174620	1	0.1211
10229340	0	0.0
10263300	1	0.0305
10314660	0	0.0
10345020	1	0.0855
10396380	0	0.0
10430760	1	0.0488
10485240	0	0.0
10518060	1	0.0432
10918320	0	0.0
10941180	1	0.073
11002680	0	0.0
11023200	1	0.0823
11171700	0	0.0
11212320	1	0.1011
11352840	0	0.0
11381460	1	0.204
11429880	0	0.0
11457060	1	0.0733
11603340	0	0.0
11637180	1	0.0894
11690820	0	0.0
11732460	1	0.169
11864220	0	0.0
11899500	1	0.1773
12033120	0	0.0
12064080	1	0.0633
12211440	0	0.0
12232980	1	0.2852
12294120	0	0.0
12330480	1	0.0908
12384120	0	0.0
12411780	1	0.1753
12472440	0	0.0
12512760	1	0.071
12553980	0	0.0
12596100	1	0.1566
12641700	0	0.0
12683220	1	0.0615
12808140	0	0.0
12847020	1	0.1416
13073940	0	0.0
13097700	1	0.1323
13158720	0	0.0
13205880	1	0.2083
13242660	0	0.0
13273500	1	0.034
13413660	0	0.0
13442640	1	0.0851
13512000	0	0.0
13532940	1	0.014
13592820	0	0.0
13622220	1	0.1023
13766460	0	0.0
13797480	1	0.0542
13847400	0	0.0
13888140	1	0.0088
14025060	0	0.0
14050260	1	0.1014
14199480	0	0.0
14223060	1	0.1065
14281920	0	0.0
14311380	1	0.334
14371200	0	0.0
14404380	1	0.1383
14541540	0	0.0
14569560	1	0.0121
14632740	0	0.0
14666940	1	0.1075
14806380	0	0.0
14816040	1	0.2223
14891460	0	0.0
14917020	1	0.1983
14975940	0	0.0
15009780	1	0.1517
15065760	0	0.0
15099840	1	0.0243
15235500	0	0.0
15271140	1	0.228
15327300	0	0.0
15358680	1	0.195
15404460	0	0.0
15440940	1	0.0688
15492060	0	0.0
15519300	1	0.1117
15583020	0	0.0
15603000	1	0.1684
15749640	0	0.0
15776880	1	0.0505
15844020	0	0.0
15869580	1	0.2719
15921060	0	0.0
15946320	1	0.127
16018560	0	0.0
16045260	1	0.1251
16105080	0	0.0
16116360	1	0.0465
16188120	0	0.0
16218420	1	0.1074
16278600	0	0.0
16293300	1	0.0174
16353120	0	0.0
16382820	1	0.0437
16448400	0	0.0
16480560	1	0.2232
16526880	0	0.0
16563480	1	0.2758
16615320	0	0.0
16644840	1	0.0966
16787640	0	0.0
16831860	1	0.0274
16874040	0	0.0
16903500	1	0.0278
17045340	0	0.0
17083020	1	0.1123
17136600	0	0.0
17167980	1	0.2461
17307240	0	0.0
17335500	1	0.1491
17485440	0	0.0
17525880	1	0.0156
17655600	0	0.0
17684880	1	0.2545
17750340	0	0.0
17761140	1	0.1386
17829540	0	0.0
17864700	1	0.1251
17917260	0	0.0
17942040	1	0.0371
17998920	0	0.0
18034920	1	0.1366
18172800	0	0.0
18193620	1	0.0264
18346740	0	0.0
18378000	1	0.1397
18432900	0	0.0
18460680	1	0.1141
18514140	0	0.0
18537780	1	0.239
18601920	0	0.0
18638580	1	0.1032
18859320	0	0.0
18908100	1	0.0894
18945900	0	0.0
18976080	1	0.1162
19028700	0	0.0
19079700	1	0.2503
19119360	0	0.0
19149240	1	0.1486
19213620	0	0.0
19227480	1	0.0716
19384860	0	0.0
19416180	1	0.0924
19471920	0	0.0
19490520	1	0.0465
19562400	0	0.0
19584720	1	0.1177
19636380	0	0.0
19653960	1	0.1218
19806000	0	0.0
19834320	1	0.0664
19987980	0	0.0
20008920	1	0.0181
20076240	0	0.0
20103420	1	0.0779
20161440	0	0.0
20176920	1	0.1409
20251200	0	0.0
20272320	1	0.043
20327220	0	0.0
20353020	1	0.0793
20424300	0	0.0
20441460	1	0.186
20680860	0	0.0
20696220	1	0.0808
20761560	0	0.0
20794380	1	0.1278
20938500	0	0.0
20964600	1	0.1789
21026280	0	0.0
21052260	1	0.1548
21196020	0	0.0
21231360	1	0.0753
21282480	0	0.0
21313080	1	0.077
21371220	0	0.0
21387120	1	0.0824
21453960	0	0.0
21479460	1	0.1442
21542100	0	0.0
21577860	1	0.2758
21630900	0	0.0
21668940	1	0.1459
21801780	0	0.0
21826260	1	0.0678
21882120	0	0.0
21928320	1	0.0546
21977640	0	0.0
22013340	1	0.0715
22234980	0	0.0
22260180	1	0.043
22314120	0	0.0
22341060	1	0.0196
22404180	0	0.0
22435740	1	0.0502
22584480	0	0.0
22622400	1	0.1927
22664220	0	0.0
22690440	1	0.1066
22838580	0	0.0
22877220	1	0.076
23010840	0	0.0
23028000	1	0.0131
23101200	0	0.0
23122260	1	0.1756
23187420	0	0.0
23219640	1	0.2167
23269800	0	0.0
23283540	1	0.2017
23350440	0	0.0
23379780	1	0.0871
23442720	0	0.0
23480220	1	0.1844
23524920	0	0.0
23562420	1	0.0146
23697600	0	0.0
23730720	1	0.2675
23787660	0	0.0
23813760	1	0.0081
23867220	0	0.0
23911860	1	0.0668
23961420	0	0.0
24003660	1	0.161
24049260	0	0.0
24073980	1	0.161
24215520	0	0.0
24250320	1	0.0325
24305040	0	0.0
24342840	1	0.0941
24394320	0	0.0
24419940	1	0.2301
24570720	0	0.0
24594060	1	0.2944
24658920	0	0.0
24680640	1	0.206
24741480	0	0.0
24763500	1	0.0367
24907920	0	0.0
24946740	1	0.1158
24998580	0	0.0
25019460	1	0.0332
25169760	0	0.0
25197540	1	0.0928
25265520	0	0.0
25272900	1	0.1787
25511640	0	0.0
25556580	1	0.1087
25605960	0	0.0
25617000	1	0.1517
25689000	0	0.0
25723320	1	0.1756
25776480	0	0.0
25802640	1	0.1174
25863960	0	0.0
25889760	1	0.0362
26030520	0	0.0
26060880	1	0.0168
26123160	0	0.0
26165700	1	0.2261
26204640	0	0.0
26228520	1	0.1762
26293860	0	0.0
26313780	1	0.1224
26633280	0	0.0
26669160	1	0.0971
26722200	0	0.0
26753640	1	0.0925
26809920	0	0.0
26840760	1	0.278
26898360	0	0.0
26926800	1	0.1237
26995140	0	0.0
27017940	1	0.09
27072780	0	0.0
27084840	1	0.2062
27329160	0	0.0
27365400	1	0.1788
27420060	0	0.0
27448140	1	0.0856
27509340	0	0.0
27532380	1	0.2145
27594660	0	0.0
27625260	1	0.2517
27673380	0	0.0
27706680	1	0.1978
27765420	0	0.0
27791460	1	0.0574
28020900	0	0.0
28054500	1	0.1496
28103640	0	0.0
28145160	1	0.1231
28276860	0	0.0
28316520	1	0.2186
28534080	0	0.0
28573740	1	0.0087
28808760	0	0.0
28828620	1	0.0614
28877460	0	0.0
28927440	1	0.1207
28970700	0	0.0
28990680	1	0.0126
29061720	0	0.0
29098860	1	0.0685
29149200	0	0.0
29168880	1	0.149
29232300	0	0.0
29269680	1	0.124
29317980	0	0.0
29346780	1	0.3322
29402400	0	0.0
29414160	1	0.054
29496300	0	0.0
29521560	1	0.2008
29577780	0	0.0
29602980	1	0.0561
29749620	0	0.0
29775060	1	0.1862
29918460	0	0.0
29952300	1	0.059
30008700	0	0.0
30031440	1	0.2149
30095160	0	0.0
30129300	1	0.1504
30269100	0	0.0
30300900	1	0.0305
30354720	0	0.0
30380400	1	0.1243
30529920	0	0.0
30554640	1	0.0815
30615360	0	0.0
30650700	1	0.0947
30702240	0	0.0
30730740	1	0.168
30960720	0	0.0
30990780	1	0.2261
31044540	0	0.0
31086120	1	0.1692
31307700	0	0.0
31340280	1	0.1782
31475340	0	0.0
31510500	1	0.0353
