#1
# BEV Profile
# ID: 72
# Created: 2023-08-24 13:57:45.672179
# This table contains boolean values. Each value is valid for the time interval until next data point.
float	data(511,3)
0	1	0.0
25740	0	0.0
66060	1	0.111
111780	0	0.0
133320	1	0.3602
374880	0	0.0
401460	1	0.25
458160	0	0.0
480480	1	0.2454
540780	0	0.0
572580	1	0.0981
716220	0	0.0
740160	1	0.3173
802380	0	0.0
833220	1	0.1457
889380	0	0.0
918900	1	0.1562
986820	0	0.0
1015800	1	0.3819
1064100	0	0.0
1100040	1	0.3071
1322640	0	0.0
1359540	1	0.2025
1410840	0	0.0
1444740	1	0.1409
1501020	0	0.0
1508460	1	0.1171
1670580	0	0.0
1700460	1	0.2232
1762620	0	0.0
1788000	1	0.1257
1842960	0	0.0
1869720	1	0.1218
1927140	0	0.0
1967100	1	0.2671
2015820	0	0.0
2044200	1	0.3416
2100960	0	0.0
2139360	1	0.1443
2185200	0	0.0
2214660	1	0.4251
2276760	0	0.0
2294640	1	0.2715
2539320	0	0.0
2559360	1	0.2795
2706720	0	0.0
2732820	1	0.3068
2794380	0	0.0
2819820	1	0.2642
2876940	0	0.0
2902440	1	0.4137
2969700	0	0.0
2989320	1	0.0615
3219960	0	0.0
3265080	1	0.2022
3315480	0	0.0
3322560	1	0.2965
3403080	0	0.0
3435900	1	0.1332
3482400	0	0.0
3520080	1	0.2916
3571380	0	0.0
3608580	1	0.1051
3654240	0	0.0
3687060	1	0.1142
3744960	0	0.0
3771300	1	0.1419
3920820	0	0.0
3955320	1	0.0538
4003380	0	0.0
4035360	1	0.1665
4087380	0	0.0
4126320	1	0.1988
4266120	0	0.0
4290240	1	0.0109
4349340	0	0.0
4371480	1	0.0891
4432560	0	0.0
4473120	1	0.3861
4524420	0	0.0
4562640	1	0.1836
4693620	0	0.0
4731360	1	0.2217
4954860	0	0.0
4987980	1	0.4984
5042340	0	0.0
5072880	1	0.1302
5211180	0	0.0
5242860	1	0.3188
5299620	0	0.0
5337480	1	0.1394
5471100	0	0.0
5495280	1	0.0438
5564280	0	0.0
5588220	1	0.2766
5651280	0	0.0
5670900	1	0.2712
5729700	0	0.0
5747520	1	0.2659
5994420	0	0.0
6003960	1	0.0782
6160980	0	0.0
6176760	1	0.2058
6250620	0	0.0
6278040	1	0.2617
6512400	0	0.0
6536700	1	0.2462
6588780	0	0.0
6613680	1	0.0711
6678480	0	0.0
6710940	1	0.0225
6855420	0	0.0
6874200	1	0.2691
6942780	0	0.0
6971700	1	0.1634
7110780	0	0.0
7141500	1	0.2175
7373760	0	0.0
7400880	1	0.1989
7456500	0	0.0
7496640	1	0.3592
7631160	0	0.0
7657740	1	0.4835
7715160	0	0.0
7751580	1	0.4991
7887900	0	0.0
7922100	1	0.0665
8066820	0	0.0
8078580	1	0.2818
8151060	0	0.0
8176140	1	0.2119
8409660	0	0.0
8425860	1	0.099
8586000	0	0.0
8614680	1	0.376
8667180	0	0.0
8705760	1	0.0973
8844780	0	0.0
8875980	1	0.1109
8926860	0	0.0
8965740	1	0.1001
9104700	0	0.0
9135900	1	0.0569
9188280	0	0.0
9216960	1	0.5216
9277260	0	0.0
9295080	1	0.0854
9361260	0	0.0
9389280	1	0.144
9439440	0	0.0
9475200	1	0.1649
9534120	0	0.0
9565860	1	0.4858
9617040	0	0.0
9659880	1	0.1197
9705360	0	0.0
9731880	1	0.1761
9783240	0	0.0
9817320	1	0.147
9877380	0	0.0
9917280	1	0.3687
9960600	0	0.0
9996480	1	0.4193
10046760	0	0.0
10088820	1	0.3772
10137300	0	0.0
10172040	1	0.1184
10401900	0	0.0
10429800	1	0.4007
10480140	0	0.0
10498440	1	0.4859
10660320	0	0.0
10676280	1	0.2624
10743180	0	0.0
10773240	1	0.3488
10911660	0	0.0
10931520	1	0.1033
11006160	0	0.0
11026800	1	0.3822
11085840	0	0.0
11101080	1	0.2608
11176980	0	0.0
11212320	1	0.1432
11260740	0	0.0
11300400	1	0.1819
11433720	0	0.0
11456160	1	0.1158
11608140	0	0.0
11635560	1	0.328
11687820	0	0.0
11710260	1	0.1559
11777700	0	0.0
11816640	1	0.1407
11861760	0	0.0
11903940	1	0.1881
11948460	0	0.0
11982840	1	0.5895
12125760	0	0.0
12151860	1	0.1322
12210960	0	0.0
12245520	1	0.1285
12300420	0	0.0
12326700	1	0.3961
12471000	0	0.0
12499320	1	0.3097
12642720	0	0.0
12672000	1	0.1065
12898980	0	0.0
12929820	1	0.3077
12990960	0	0.0
13027680	1	0.4294
13162620	0	0.0
13187820	1	0.3214
13248360	0	0.0
13284060	1	0.0909
13419120	0	0.0
13462860	1	0.4339
13503900	0	0.0
13530420	1	0.2773
13594740	0	0.0
13624140	1	0.307
13675620	0	0.0
13705800	1	0.3191
13762440	0	0.0
13799520	1	0.4176
13855260	0	0.0
13890480	1	0.0378
14021700	0	0.0
14054040	1	0.2563
14116080	0	0.0
14135280	1	0.0051
14200560	0	0.0
14221560	1	0.3682
14286120	0	0.0
14302980	1	0.1913
14543220	0	0.0
14571480	1	0.0787
14627700	0	0.0
14663640	1	0.2893
14714820	0	0.0
14757000	1	0.1213
14888880	0	0.0
14920320	1	0.2352
14978940	0	0.0
15001380	1	0.1773
15055140	0	0.0
15081840	1	0.1079
15150600	0	0.0
15175260	1	0.0923
15233580	0	0.0
15256200	1	0.3998
15322860	0	0.0
15347520	1	0.0369
15415020	0	0.0
15442560	1	0.2307
15757080	0	0.0
15775260	1	0.1713
15841860	0	0.0
15868560	1	0.0979
15930480	0	0.0
15950820	1	0.2606
16009800	0	0.0
16032240	1	0.1259
16098060	0	0.0
16113000	1	0.5646
16185900	0	0.0
16213980	1	0.2236
16361340	0	0.0
16396680	1	0.257
16444020	0	0.0
16469220	1	0.3832
16528320	0	0.0
16564500	1	0.2278
16620720	0	0.0
16641240	1	0.4153
16788120	0	0.0
16819020	1	0.4288
16970820	0	0.0
16996740	1	0.2615
17053260	0	0.0
17071020	1	0.1831
17136720	0	0.0
17168880	1	0.2689
17221860	0	0.0
17241060	1	0.48
17308140	0	0.0
17337000	1	0.4497
17391000	0	0.0
17426280	1	0.2023
17838000	0	0.0
17865180	1	0.3669
17907060	0	0.0
17939460	1	0.2898
18176880	0	0.0
18193500	1	0.0949
18258000	0	0.0
18290220	1	0.0611
18347340	0	0.0
18378720	1	0.3006
18433320	0	0.0
18476040	1	0.2253
18686940	0	0.0
18728880	1	0.1289
18866220	0	0.0
18890100	1	0.1128
18954180	0	0.0
18976740	1	0.0892
19039740	0	0.0
19086060	1	0.1618
19121760	0	0.0
19158360	1	0.3586
19211160	0	0.0
19243800	1	0.389
19383300	0	0.0
19407660	1	0.0957
19467000	0	0.0
19495020	1	0.2804
19556880	0	0.0
19587000	1	0.4464
19726500	0	0.0
19738920	1	0.2283
19814040	0	0.0
19850760	1	0.3307
20159460	0	0.0
20200680	1	0.3944
20247840	0	0.0
20277120	1	0.2393
20335920	0	0.0
20358540	1	0.0818
20420280	0	0.0
20447400	1	0.2156
20504460	0	0.0
20540040	1	0.0708
20593560	0	0.0
20637420	1	0.0551
20672460	0	0.0
20713620	1	0.4555
20942700	0	0.0
20953620	1	0.1323
21022440	0	0.0
21044940	1	0.1908
21631800	0	0.0
21664560	1	0.239
21886080	0	0.0
21914340	1	0.1909
21982500	0	0.0
22014540	1	0.199
22057020	0	0.0
22076400	1	0.1476
22151640	0	0.0
22169220	1	0.267
22228620	0	0.0
22254960	1	0.1079
22317120	0	0.0
22353540	1	0.0906
22488780	0	0.0
22521960	1	0.4583
22581660	0	0.0
22611900	1	0.0728
22662000	0	0.0
22683480	1	0.2338
22753380	0	0.0
22789680	1	0.2953
22842780	0	0.0
22872240	1	0.2244
22923780	0	0.0
22951380	1	0.1247
23099280	0	0.0
23124360	1	0.6473
23183520	0	0.0
23216280	1	0.4735
23361780	0	0.0
23374680	1	0.058
23445180	0	0.0
23461140	1	0.2886
23525580	0	0.0
23556660	1	0.0886
23615100	0	0.0
23655660	1	0.0438
23701620	0	0.0
23731200	1	0.0825
23791260	0	0.0
23811780	1	0.1498
23872620	0	0.0
23904780	1	0.1379
23969340	0	0.0
23984700	1	0.1076
24049620	0	0.0
24072360	1	0.3524
24224100	0	0.0
24245220	1	0.1678
24306660	0	0.0
24340740	1	0.1077
24395040	0	0.0
24414600	1	0.48
24481620	0	0.0
24499980	1	0.0412
24564960	0	0.0
24595800	1	0.1766
24654120	0	0.0
24681540	1	0.2781
24814380	0	0.0
24861120	1	0.1444
24907020	0	0.0
24931380	1	0.3034
25081140	0	0.0
25117200	1	0.2304
25171620	0	0.0
25197180	1	0.4348
25254000	0	0.0
25270920	1	0.0889
25428960	0	0.0
25455540	1	0.0872
25516740	0	0.0
25557960	1	0.0786
25694700	0	0.0
25719600	1	0.3116
25777020	0	0.0
25807680	1	0.1232
25863660	0	0.0
25899000	1	0.3707
25949100	0	0.0
25981260	1	0.0084
26029320	0	0.0
26071560	1	0.0788
26209620	0	0.0
26250060	1	0.2793
26294160	0	0.0
26315340	1	0.1891
26637720	0	0.0
26675820	1	0.0667
26727720	0	0.0
26755500	1	0.2874
26809920	0	0.0
26833500	1	0.1865
26905020	0	0.0
26936640	1	0.5108
27074940	0	0.0
27103800	1	0.2105
27329340	0	0.0
27356160	1	0.0071
27412980	0	0.0
27446580	1	0.2752
27505500	0	0.0
27534600	1	0.5863
27679320	0	0.0
27695280	1	0.5377
27761940	0	0.0
27788700	1	0.0599
27935220	0	0.0
27958440	1	0.4559
28021320	0	0.0
28043880	1	0.2848
28111920	0	0.0
28128660	1	0.1549
28195140	0	0.0
28232880	1	0.3525
28278720	0	0.0
28312740	1	0.4434
28625760	0	0.0
28655340	1	0.2457
28807380	0	0.0
28822020	1	0.2355
28883160	0	0.0
28901100	1	0.1571
28972500	0	0.0
29010240	1	0.0774
29141700	0	0.0
29168100	1	0.1323
29232360	0	0.0
29261160	1	0.1444
29320680	0	0.0
29353740	1	0.3317
29406120	0	0.0
29440380	1	0.3407
29488020	0	0.0
29523660	1	0.1854
29661840	0	0.0
29679240	1	0.1199
29747520	0	0.0
29770380	1	0.1751
29840340	0	0.0
29865120	1	0.5491
30098100	0	0.0
30121140	1	0.245
30180480	0	0.0
30210000	1	0.1448
30353160	0	0.0
30375360	1	0.1961
30443100	0	0.0
30471660	1	0.127
30525000	0	0.0
30554160	1	0.317
30617400	0	0.0
30650340	1	0.3687
30705960	0	0.0
30742620	1	0.2122
30783180	0	0.0
30814920	1	0.0722
30959520	0	0.0
31004700	1	0.1359
31046640	0	0.0
31078260	1	0.2095
31127520	0	0.0
31159800	1	0.1426
31219140	0	0.0
31245300	1	0.2332
31303800	0	0.0
31338420	1	0.246
31482240	0	0.0
31523100	1	0.1136
