#1
# BEV Profile
# ID: 27
# Created: 2023-08-24 13:57:45.062806
# This table contains boolean values. Each value is valid for the time interval until next data point.
float	data(521,3)
0	1	0.0
121800	0	0.0
155400	1	0.0229
209640	0	0.0
228900	1	0.0941
374280	0	0.0
404700	1	0.15
455640	0	0.0
482400	1	0.1947
548820	0	0.0
579000	1	0.0316
629760	0	0.0
641280	1	0.0157
717720	0	0.0
752820	1	0.1302
889260	0	0.0
917040	1	0.1887
974220	0	0.0
1019400	1	0.1151
1062540	0	0.0
1092180	1	0.0641
1149600	0	0.0
1188540	1	0.0502
1241100	0	0.0
1271940	1	0.0814
1326840	0	0.0
1354200	1	0.2294
1409220	0	0.0
1435560	1	0.1038
1500360	0	0.0
1532340	1	0.2652
1593240	0	0.0
1617240	1	0.2612
1665780	0	0.0
1699620	1	0.1511
1756500	0	0.0
1777080	1	0.0508
1934640	0	0.0
1947060	1	0.1331
2021400	0	0.0
2046720	1	0.3218
2099100	0	0.0
2122560	1	0.0653
2188680	0	0.0
2207880	1	0.2956
2537880	0	0.0
2566680	1	0.0966
2618280	0	0.0
2634720	1	0.1531
2704920	0	0.0
2746080	1	0.047
2791260	0	0.0
2819700	1	0.1837
2880660	0	0.0
2913840	1	0.2177
3049440	0	0.0
3082200	1	0.0225
3137400	0	0.0
3177180	1	0.0355
3230880	0	0.0
3243960	1	0.2312
3395160	0	0.0
3417660	1	0.1861
3487200	0	0.0
3508260	1	0.0598
3739140	0	0.0
3784800	1	0.1505
3832140	0	0.0
3852720	1	0.1689
3918660	0	0.0
3942780	1	0.1759
4011300	0	0.0
4017720	1	0.1131
4086960	0	0.0
4124820	1	0.0901
4170960	0	0.0
4212000	1	0.0584
4263420	0	0.0
4298760	1	0.0653
4349940	0	0.0
4374780	1	0.0305
4437960	0	0.0
4471500	1	0.135
4521120	0	0.0
4544160	1	0.1639
4608420	0	0.0
4634100	1	0.0758
4690020	0	0.0
4724940	1	0.0717
4784220	0	0.0
4812660	1	0.0617
4872480	0	0.0
4900260	1	0.0292
5042400	0	0.0
5073960	1	0.0813
5125320	0	0.0
5155080	1	0.0594
5383800	0	0.0
5417400	1	0.0463
5474880	0	0.0
5509980	1	0.0983
5561280	0	0.0
5589480	1	0.1961
5642340	0	0.0
5665020	1	0.1922
5730900	0	0.0
5745480	1	0.1442
5811060	0	0.0
5855040	1	0.0492
5906520	0	0.0
5921640	1	0.0657
6161940	0	0.0
6184440	1	0.1364
6255060	0	0.0
6277800	1	0.1298
6335760	0	0.0
6368160	1	0.0909
6418860	0	0.0
6450420	1	0.06
6504360	0	0.0
6552720	1	0.1192
6593640	0	0.0
6631200	1	0.0135
6679920	0	0.0
6715740	1	0.0316
6764340	0	0.0
6803520	1	0.1354
6853380	0	0.0
6878580	1	0.0635
6937680	0	0.0
6967380	1	0.0788
7028760	0	0.0
7054380	1	0.139
7117020	0	0.0
7143060	1	0.0448
7203480	0	0.0
7218360	1	0.0293
7370340	0	0.0
7393620	1	0.2148
7457700	0	0.0
7488420	1	0.08
7537620	0	0.0
7566660	1	0.1828
7635420	0	0.0
7664820	1	0.0734
7716480	0	0.0
7756260	1	0.1647
7798440	0	0.0
7834380	1	0.0774
7974180	0	0.0
8001780	1	0.116
8071440	0	0.0
8096760	1	0.1803
8152260	0	0.0
8182680	1	0.0322
8232060	0	0.0
8273760	1	0.0526
8320200	0	0.0
8342460	1	0.0262
8583000	0	0.0
8621040	1	0.1413
8670240	0	0.0
8690940	1	0.0721
8757960	0	0.0
8789160	1	0.11
8838480	0	0.0
8873160	1	0.3582
8931780	0	0.0
8951940	1	0.2784
9101100	0	0.0
9130620	1	0.0922
9187860	0	0.0
9224160	1	0.0682
9274860	0	0.0
9301440	1	0.0574
9359700	0	0.0
9402840	1	0.1498
9448320	0	0.0
9474540	1	0.1187
9531780	0	0.0
9553620	1	0.1458
9615840	0	0.0
9656700	1	0.1342
9881460	0	0.0
9912720	1	0.245
9967680	0	0.0
9994200	1	0.0565
10047240	0	0.0
10082640	1	0.0728
10400820	0	0.0
10436580	1	0.2733
10483560	0	0.0
10519020	1	0.2177
10571280	0	0.0
10600920	1	0.1974
10656360	0	0.0
10695360	1	0.1291
11001180	0	0.0
11038860	1	0.057
11091540	0	0.0
11116440	1	0.2082
11262660	0	0.0
11284140	1	0.0977
11348940	0	0.0
11382540	1	0.1188
11516580	0	0.0
11561100	1	0.068
11608860	0	0.0
11632560	1	0.1554
11871420	0	0.0
11882940	1	0.1728
11953500	0	0.0
11996340	1	0.1373
12124800	0	0.0
12149760	1	0.0481
12214680	0	0.0
12245280	1	0.1086
12293700	0	0.0
12332280	1	0.0604
12560160	0	0.0
12582540	1	0.1765
12818700	0	0.0
12851400	1	0.0473
12900120	0	0.0
12939780	1	0.0734
12984660	0	0.0
13014540	1	0.2334
13075020	0	0.0
13106460	1	0.1019
13165080	0	0.0
13180140	1	0.2044
13244760	0	0.0
13281420	1	0.0728
13334580	0	0.0
13361160	1	0.0145
13424340	0	0.0
13446480	1	0.0545
13510560	0	0.0
13535880	1	0.3324
13597140	0	0.0
13623000	1	0.02
13672080	0	0.0
13708620	1	0.1558
13771800	0	0.0
13796940	1	0.1466
14024580	0	0.0
14073480	1	0.0219
14117340	0	0.0
14138580	1	0.1742
14541780	0	0.0
14573940	1	0.0321
14631780	0	0.0
14650560	1	0.1398
14802780	0	0.0
14834160	1	0.2938
14886780	0	0.0
14918280	1	0.1619
15064200	0	0.0
15089820	1	0.0654
15234360	0	0.0
15259020	1	0.1163
15319320	0	0.0
15352560	1	0.1555
15413040	0	0.0
15431460	1	0.3039
15491400	0	0.0
15523920	1	0.122
15582360	0	0.0
15605160	1	0.2274
15664380	0	0.0
15696900	1	0.0144
15754680	0	0.0
15785160	1	0.0916
15836640	0	0.0
15865560	1	0.056
15931620	0	0.0
15954540	1	0.2138
16011660	0	0.0
16043880	1	0.0304
16105140	0	0.0
16137840	1	0.0573
16184400	0	0.0
16201920	1	0.1318
16274460	0	0.0
16283280	1	0.0671
16445340	0	0.0
16475040	1	0.1797
16532820	0	0.0
16563000	1	0.0824
16613700	0	0.0
16654560	1	0.0684
16706520	0	0.0
16729620	1	0.1543
16788540	0	0.0
16819800	1	0.0922
17041080	0	0.0
17075340	1	0.1341
17128080	0	0.0
17167680	1	0.1538
17220240	0	0.0
17246220	1	0.1311
17303160	0	0.0
17334300	1	0.0802
17400600	0	0.0
17417700	1	0.0916
17481600	0	0.0
17509080	1	0.0297
17660040	0	0.0
17677560	1	0.1111
17821980	0	0.0
17851200	1	0.0692
18000540	0	0.0
18034740	1	0.0812
18172800	0	0.0
18208860	1	0.0799
18693120	0	0.0
18717660	1	0.0206
18953100	0	0.0
18988260	1	0.1042
19043580	0	0.0
19081140	1	0.1217
19120920	0	0.0
19161120	1	0.1571
19209660	0	0.0
19235160	1	0.0914
19387800	0	0.0
19407540	1	0.0205
19472700	0	0.0
19494120	1	0.1687
19560300	0	0.0
19579680	1	0.1235
19641780	0	0.0
19666380	1	0.1145
19724520	0	0.0
19755960	1	0.2592
19898340	0	0.0
19937100	1	0.0415
20245680	0	0.0
20261700	1	0.0806
20337360	0	0.0
20374680	1	0.049
20416440	0	0.0
20448420	1	0.1712
20505540	0	0.0
20526240	1	0.0356
20760660	0	0.0
20793360	1	0.1624
20847780	0	0.0
20885280	1	0.1746
20944740	0	0.0
20979780	1	0.1726
21022860	0	0.0
21055980	1	0.217
21197580	0	0.0
21230400	1	0.0663
21369120	0	0.0
21416160	1	0.1034
21451380	0	0.0
21489300	1	0.2934
21539100	0	0.0
21573540	1	0.1271
21627720	0	0.0
21654480	1	0.1384
21885720	0	0.0
21916320	1	0.2213
21974820	0	0.0
22011360	1	0.1689
22062120	0	0.0
22092600	1	0.1517
22146180	0	0.0
22176780	1	0.1828
22231320	0	0.0
22259580	1	0.1838
22406880	0	0.0
22424880	1	0.0461
22492080	0	0.0
22535820	1	0.066
22575600	0	0.0
22606620	1	0.1093
22667400	0	0.0
22696380	1	0.2291
22749300	0	0.0
22784040	1	0.1316
23013360	0	0.0
23023320	1	0.1061
23189100	0	0.0
23211180	1	0.3289
23273160	0	0.0
23283720	1	0.0723
23358240	0	0.0
23378160	1	0.2107
23449680	0	0.0
23471520	1	0.0942
23526900	0	0.0
23539800	1	0.0366
23875320	0	0.0
23908200	1	0.0761
23962680	0	0.0
23985480	1	0.0516
24048420	0	0.0
24069300	1	0.1029
24225540	0	0.0
24249480	1	0.038
24310560	0	0.0
24321120	1	0.0858
24392340	0	0.0
24425220	1	0.1253
24484500	0	0.0
24492000	1	0.13
24566880	0	0.0
24595320	1	0.2273
24653160	0	0.0
24683880	1	0.0085
24739860	0	0.0
24766500	1	0.1584
24829140	0	0.0
24852900	1	0.0788
24910080	0	0.0
24933180	1	0.1365
24995340	0	0.0
25030680	1	0.1691
25167060	0	0.0
25198740	1	0.1716
25264980	0	0.0
25282620	1	0.0704
25693800	0	0.0
25712340	1	0.2132
25780680	0	0.0
25803180	1	0.0263
25859040	0	0.0
25905480	1	0.082
26032440	0	0.0
26066820	1	0.0261
26116800	0	0.0
26146740	1	0.0652
26289720	0	0.0
26333640	1	0.0988
26381580	0	0.0
26398500	1	0.2899
26463840	0	0.0
26496360	1	0.0157
26725980	0	0.0
26760300	1	0.0401
26812440	0	0.0
26838060	1	0.1805
26895180	0	0.0
26938440	1	0.2142
26987760	0	0.0
27009480	1	0.1583
27075660	0	0.0
27096180	1	0.0938
27332100	0	0.0
27376920	1	0.2506
27414420	0	0.0
27471720	1	0.0252
27499560	0	0.0
27537660	1	0.242
27590940	0	0.0
27609840	1	0.0983
27935520	0	0.0
27961560	1	0.1933
28030740	0	0.0
28053900	1	0.1488
28106280	0	0.0
28145760	1	0.1158
28193520	0	0.0
28231740	1	0.0684
28280700	0	0.0
28306980	1	0.0606
28367160	0	0.0
28410840	1	0.055
28452660	0	0.0
28494120	1	0.0439
28542600	0	0.0
28567140	1	0.1995
28627980	0	0.0
28657680	1	0.0727
28798020	0	0.0
28830540	1	0.0764
28883100	0	0.0
28916700	1	0.0516
28968660	0	0.0
28998240	1	0.0632
29227800	0	0.0
29246100	1	0.0698
29316840	0	0.0
29356260	1	0.0852
29402820	0	0.0
29433960	1	0.0937
29490120	0	0.0
29523180	1	0.1841
29579460	0	0.0
29587800	1	0.0567
29667300	0	0.0
29695320	1	0.0503
29747040	0	0.0
29796960	1	0.2439
29836080	0	0.0
29865120	1	0.0797
29932440	0	0.0
29966220	1	0.0267
30184800	0	0.0
30201660	1	0.0911
30358620	0	0.0
30393900	1	0.158
30437460	0	0.0
30472560	1	0.1439
30528120	0	0.0
30552600	1	0.1105
30613620	0	0.0
30643620	1	0.1788
30785040	0	0.0
30800640	1	0.0578
30877320	0	0.0
30895020	1	0.0181
31047480	0	0.0
31089300	1	0.119
31138200	0	0.0
31153020	1	0.1777
31473360	0	0.0
31514340	1	0.0092
