#1
# BEV Profile
# ID: 28
# Created: 2023-08-24 13:57:45.062806
# This table contains boolean values. Each value is valid for the time interval until next data point.
float	data(527,3)
0	1	0.0
119040	0	0.0
149880	1	0.1853
205500	0	0.0
233580	1	0.23
287460	0	0.0
316740	1	0.065
462180	0	0.0
493620	1	0.3334
546060	0	0.0
576660	1	0.1889
637800	0	0.0
660960	1	0.0987
715500	0	0.0
741720	1	0.4798
805560	0	0.0
833040	1	0.2769
893640	0	0.0
912120	1	0.376
1069440	0	0.0
1112220	1	0.071
1239240	0	0.0
1268100	1	0.0463
1329540	0	0.0
1342860	1	0.4049
1585080	0	0.0
1620600	1	0.4805
1672200	0	0.0
1702440	1	0.259
1759140	0	0.0
1785600	1	0.1382
1921020	0	0.0
1946460	1	0.5855
2008860	0	0.0
2050560	1	0.1769
2191140	0	0.0
2212320	1	0.5495
2446860	0	0.0
2472720	1	0.1059
2617200	0	0.0
2658000	1	0.3369
2703480	0	0.0
2743980	1	0.2587
2793240	0	0.0
2824680	1	0.2592
2878980	0	0.0
2900460	1	0.2887
2967240	0	0.0
2995140	1	0.0675
3054420	0	0.0
3081420	1	0.04
3139800	0	0.0
3171720	1	0.3244
3228300	0	0.0
3259080	1	0.1042
3312600	0	0.0
3338880	1	0.3092
3394680	0	0.0
3416700	1	0.1976
3489420	0	0.0
3510480	1	0.3493
3748260	0	0.0
3777000	1	0.2422
3915900	0	0.0
3951480	1	0.111
4008420	0	0.0
4041120	1	0.356
4091880	0	0.0
4103640	1	0.2975
4178220	0	0.0
4206660	1	0.0569
4433520	0	0.0
4454280	1	0.2437
4519380	0	0.0
4552680	1	0.2619
4606860	0	0.0
4642200	1	0.1058
4697700	0	0.0
4718640	1	0.2857
4953600	0	0.0
4989480	1	0.1384
5041920	0	0.0
5073540	1	0.4004
5131620	0	0.0
5156160	1	0.1323
5208960	0	0.0
5258340	1	0.2909
5295420	0	0.0
5328960	1	0.4336
5384460	0	0.0
5426580	1	0.0491
5467140	0	0.0
5494560	1	0.0475
5557200	0	0.0
5582520	1	0.334
5640660	0	0.0
5674980	1	0.2229
5734380	0	0.0
5751720	1	0.3674
5907600	0	0.0
5924700	1	0.4162
5991000	0	0.0
6025500	1	0.1803
6160440	0	0.0
6178680	1	0.1903
6249120	0	0.0
6278820	1	0.1573
6509100	0	0.0
6539820	1	0.3431
6595680	0	0.0
6626820	1	0.0993
6683340	0	0.0
6700920	1	0.1015
6764580	0	0.0
6798420	1	0.1025
6852180	0	0.0
6884580	1	0.3177
6932820	0	0.0
6968220	1	0.0715
7025220	0	0.0
7053660	1	0.3094
7110660	0	0.0
7146720	1	0.1505
7197540	0	0.0
7222440	1	0.0564
7379700	0	0.0
7401240	1	0.1145
7458180	0	0.0
7477080	1	0.3759
7625580	0	0.0
7666500	1	0.0493
7888920	0	0.0
7927500	1	0.0879
7973220	0	0.0
8009700	1	0.3612
8065560	0	0.0
8087520	1	0.276
8148600	0	0.0
8174760	1	0.156
8233020	0	0.0
8263980	1	0.0787
8326080	0	0.0
8363040	1	0.15
8497620	0	0.0
8521140	1	0.1077
8582280	0	0.0
8614980	1	0.4014
8758080	0	0.0
8779740	1	0.3838
8838960	0	0.0
8868240	1	0.1604
9180780	0	0.0
9212340	1	0.0415
9268860	0	0.0
9303300	1	0.3047
9449640	0	0.0
9474240	1	0.0783
9536520	0	0.0
9562800	1	0.1484
9619500	0	0.0
9648240	1	0.0352
9794520	0	0.0
9822000	1	0.141
9969540	0	0.0
9999840	1	0.2383
10048980	0	0.0
10076760	1	0.237
10138140	0	0.0
10161840	1	0.2377
10309620	0	0.0
10338240	1	0.0749
10402200	0	0.0
10420260	1	0.1461
10480200	0	0.0
10514160	1	0.3445
10568520	0	0.0
10600020	1	0.1022
10658220	0	0.0
10675740	1	0.2189
10746060	0	0.0
10778220	1	0.1586
10832880	0	0.0
10868580	1	0.1316
10911780	0	0.0
10941180	1	0.1272
10999740	0	0.0
11010600	1	0.4012
11089500	0	0.0
11112000	1	0.0925
11179680	0	0.0
11209620	1	0.0667
11260380	0	0.0
11282160	1	0.4594
11514720	0	0.0
11543520	1	0.0467
11606580	0	0.0
11644860	1	0.1272
11685000	0	0.0
11728380	1	0.1918
11777880	0	0.0
11802420	1	0.271
11870220	0	0.0
11900640	1	0.2464
11946600	0	0.0
11986680	1	0.6268
12209220	0	0.0
12243840	1	0.173
12387240	0	0.0
12424140	1	0.3009
12471840	0	0.0
12502680	1	0.5369
12562560	0	0.0
12588840	1	0.0897
12646740	0	0.0
12678240	1	0.2035
12822360	0	0.0
12841080	1	0.3611
12905400	0	0.0
12930360	1	0.4683
12988980	0	0.0
13006800	1	0.0635
13070880	0	0.0
13105080	1	0.0955
13162740	0	0.0
13183320	1	0.0276
13335600	0	0.0
13360920	1	0.1459
13415460	0	0.0
13455840	1	0.3967
13506360	0	0.0
13527060	1	0.0119
13592940	0	0.0
13632120	1	0.2808
13683840	0	0.0
13716540	1	0.4115
13765740	0	0.0
13792020	1	0.4346
13856880	0	0.0
13870680	1	0.1216
13938360	0	0.0
13960800	1	0.0797
14024280	0	0.0
14051280	1	0.2141
14113500	0	0.0
14136360	1	0.4548
14188380	0	0.0
14216880	1	0.2057
14284440	0	0.0
14308440	1	0.1765
14369220	0	0.0
14407020	1	0.3079
14547540	0	0.0
14571240	1	0.0662
14622660	0	0.0
14649240	1	0.2001
14717640	0	0.0
14736300	1	0.1362
14968860	0	0.0
14999880	1	0.1297
15148920	0	0.0
15178140	1	0.2512
15235140	0	0.0
15270000	1	0.1778
15409380	0	0.0
15434280	1	0.264
15492360	0	0.0
15525060	1	0.2804
15841200	0	0.0
15870720	1	0.2099
16014000	0	0.0
16033920	1	0.1961
16100520	0	0.0
16133700	1	0.2229
16184100	0	0.0
16208760	1	0.259
16270620	0	0.0
16305120	1	0.1475
16356600	0	0.0
16388160	1	0.0446
16447860	0	0.0
16465980	1	0.2978
16526280	0	0.0
16551900	1	0.506
16614840	0	0.0
16649400	1	0.4698
16707540	0	0.0
16726860	1	0.3599
16792800	0	0.0
16828800	1	0.1082
16957020	0	0.0
17000460	1	0.1177
17053200	0	0.0
17083380	1	0.3002
17222160	0	0.0
17256240	1	0.1165
17305980	0	0.0
17332440	1	0.0242
17395920	0	0.0
17432400	1	0.3323
17480280	0	0.0
17500380	1	0.0463
17645580	0	0.0
17686140	1	0.0797
17742060	0	0.0
17772060	1	0.2211
17831040	0	0.0
17846280	1	0.1722
18091740	0	0.0
18121980	1	0.0365
18171720	0	0.0
18198120	1	0.0535
18255840	0	0.0
18285540	1	0.1446
18343800	0	0.0
18378660	1	0.4723
18517980	0	0.0
18541680	1	0.1377
18609780	0	0.0
18639720	1	0.1861
18945180	0	0.0
18987900	1	0.0649
19120440	0	0.0
19160880	1	0.551
19215960	0	0.0
19244580	1	0.1736
19381740	0	0.0
19413720	1	0.1747
19469880	0	0.0
19488960	1	0.2048
19557300	0	0.0
19583640	1	0.1045
19642440	0	0.0
19663740	1	0.1521
19728000	0	0.0
19752300	1	0.4302
19819020	0	0.0
19842420	1	0.0484
20073120	0	0.0
20092860	1	0.4055
20161800	0	0.0
20197620	1	0.0573
20338080	0	0.0
20365020	1	0.2955
20424840	0	0.0
20443260	1	0.1601
20495520	0	0.0
20537820	1	0.1265
20588280	0	0.0
20612580	1	0.0814
20766180	0	0.0
20798760	1	0.2703
20851680	0	0.0
20880000	1	0.2707
20939400	0	0.0
20968620	1	0.2119
21025740	0	0.0
21044580	1	0.231
21114180	0	0.0
21137580	1	0.1466
21364740	0	0.0
21391080	1	0.2986
21542100	0	0.0
21576000	1	0.2568
21625320	0	0.0
21654000	1	0.1449
21883860	0	0.0
21918180	1	0.0826
22058940	0	0.0
22096320	1	0.1932
22146180	0	0.0
22183740	1	0.2935
22238580	0	0.0
22259400	1	0.1342
22410000	0	0.0
22437960	1	0.0414
22579080	0	0.0
22613100	1	0.1354
22667880	0	0.0
22694580	1	0.1556
22750200	0	0.0
22778700	1	0.2294
22838580	0	0.0
22868580	1	0.1206
22924800	0	0.0
22951320	1	0.0719
23010900	0	0.0
23034840	1	0.0222
23096460	0	0.0
23113320	1	0.2206
23182200	0	0.0
23217840	1	0.1359
23276520	0	0.0
23306940	1	0.2252
23356020	0	0.0
23384580	1	0.0483
23439900	0	0.0
23463960	1	0.4415
23619660	0	0.0
23643780	1	0.0588
23877600	0	0.0
23897040	1	0.2111
23958060	0	0.0
24002520	1	0.2983
24045120	0	0.0
24080760	1	0.117
24134100	0	0.0
24154980	1	0.2128
24303420	0	0.0
24326040	1	0.2171
24394200	0	0.0
24422040	1	0.1152
24477420	0	0.0
24524760	1	0.1876
24564720	0	0.0
24595020	1	0.1861
24648120	0	0.0
24668520	1	0.3877
24826800	0	0.0
24853380	1	0.133
25004340	0	0.0
25034520	1	0.2075
25171260	0	0.0
25202820	1	0.1624
25255020	0	0.0
25283640	1	0.3703
25345260	0	0.0
25367760	1	0.1233
25516260	0	0.0
25559580	1	0.3178
25601640	0	0.0
25636740	1	0.2274
25689180	0	0.0
25716660	1	0.4096
25946820	0	0.0
25974720	1	0.1521
26127000	0	0.0
26161740	1	0.4808
26197920	0	0.0
26240940	1	0.4387
26285160	0	0.0
26309040	1	0.1705
26640900	0	0.0
26671980	1	0.1
26812560	0	0.0
26846820	1	0.1358
26895660	0	0.0
26931540	1	0.091
26982180	0	0.0
27011940	1	0.29
27072540	0	0.0
27117600	1	0.2888
27158460	0	0.0
27169680	1	0.0322
27242580	0	0.0
27268440	1	0.1086
27328020	0	0.0
27356280	1	0.2832
27417420	0	0.0
27451500	1	0.1629
27506460	0	0.0
27527640	1	0.2681
27762600	0	0.0
27800820	1	0.0702
27850440	0	0.0
27869100	1	0.0707
27930900	0	0.0
27970200	1	0.1866
28025280	0	0.0
28046460	1	0.1958
28104660	0	0.0
28145280	1	0.27
28193220	0	0.0
28208640	1	0.1111
28370280	0	0.0
28399260	1	0.1762
28547100	0	0.0
28572240	1	0.3433
28626720	0	0.0
28657620	1	0.3349
28803720	0	0.0
28828560	1	0.453
28886100	0	0.0
28920240	1	0.1537
28981980	0	0.0
29010360	1	0.076
29145420	0	0.0
29180760	1	0.3702
29228160	0	0.0
29263140	1	0.2728
29318640	0	0.0
29339940	1	0.0986
29404260	0	0.0
29423400	1	0.3449
29579820	0	0.0
29601600	1	0.1141
29751660	0	0.0
29777100	1	0.134
29844000	0	0.0
29869320	1	0.2835
29922840	0	0.0
29950920	1	0.2803
30006600	0	0.0
30033060	1	0.3384
30095820	0	0.0
30117360	1	0.4049
30275160	0	0.0
30303720	1	0.0127
30355200	0	0.0
30377400	1	0.2781
30526380	0	0.0
30545880	1	0.2947
30617100	0	0.0
30637440	1	0.1952
30698640	0	0.0
30732420	1	0.1512
30875940	0	0.0
30909180	1	0.0874
31044060	0	0.0
31073160	1	0.0999
31133820	0	0.0
31156800	1	0.3162
31218840	0	0.0
31239780	1	0.125
31307580	0	0.0
31331340	1	0.4533
31394340	0	0.0
31416600	1	0.1298
