#1
# BEV Profile
# ID: 121
# Created: 2023-08-24 13:57:46.297321
# This table contains boolean values. Each value is valid for the time interval until next data point.
float	data(517,3)
0	1	0.0
115680	0	0.0
152400	1	0.0673
200460	0	0.0
232800	1	0.0796
281640	0	0.0
307080	1	0.0991
374580	0	0.0
403440	1	0.0229
468060	0	0.0
485580	1	0.0602
545580	0	0.0
577620	1	0.0529
716220	0	0.0
752460	1	0.0912
804120	0	0.0
845040	1	0.0925
894120	0	0.0
926400	1	0.0878
976260	0	0.0
999780	1	0.0453
1066680	0	0.0
1102980	1	0.09
1325520	0	0.0
1350840	1	0.0973
1408560	0	0.0
1440420	1	0.0807
1496160	0	0.0
1524660	1	0.1326
1671600	0	0.0
1699860	1	0.0302
2014080	0	0.0
2039880	1	0.0932
2103120	0	0.0
2125800	1	0.1703
2187780	0	0.0
2211120	1	0.1831
2281560	0	0.0
2304600	1	0.1014
2446740	0	0.0
2489880	1	0.0276
2530140	0	0.0
2564880	1	0.0713
2624700	0	0.0
2652480	1	0.1764
2710800	0	0.0
2728200	1	0.0629
2793420	0	0.0
2823000	1	0.2862
2880120	0	0.0
2909340	1	0.178
3054420	0	0.0
3074340	1	0.0379
3231960	0	0.0
3254220	1	0.1203
3313920	0	0.0
3359460	1	0.1142
3398460	0	0.0
3421440	1	0.1417
3569460	0	0.0
3598620	1	0.0471
3742860	0	0.0
3757140	1	0.0603
4001520	0	0.0
4047120	1	0.0596
4088760	0	0.0
4121820	1	0.2067
4522500	0	0.0
4553100	1	0.111
4607340	0	0.0
4640460	1	0.0411
4697340	0	0.0
4715940	1	0.0942
4778880	0	0.0
4809600	1	0.0907
5124540	0	0.0
5159280	1	0.1082
5291580	0	0.0
5336220	1	0.0678
5387220	0	0.0
5422080	1	0.0178
5560620	0	0.0
5593440	1	0.0958
5644980	0	0.0
5656560	1	0.1104
5732940	0	0.0
5751780	1	0.1072
5819160	0	0.0
5846280	1	0.0727
5901720	0	0.0
5933640	1	0.0894
5993100	0	0.0
6019800	1	0.0345
6246960	0	0.0
6270540	1	0.0644
6342600	0	0.0
6381660	1	0.0178
6417360	0	0.0
6451440	1	0.119
6593280	0	0.0
6618960	1	0.0371
6776700	0	0.0
6795240	1	0.119
6856320	0	0.0
6882000	1	0.0306
6948960	0	0.0
6971520	1	0.0893
7017900	0	0.0
7066740	1	0.0689
7117500	0	0.0
7161120	1	0.1277
7195980	0	0.0
7225200	1	0.0662
7288140	0	0.0
7313100	1	0.0367
7371780	0	0.0
7409580	1	0.0872
7538880	0	0.0
7585800	1	0.1364
7625100	0	0.0
7647420	1	0.0475
7717440	0	0.0
7737120	1	0.0486
8060460	0	0.0
8095200	1	0.0844
8146980	0	0.0
8171820	1	0.0515
8230020	0	0.0
8265960	1	0.0695
8323200	0	0.0
8360700	1	0.162
8410800	0	0.0
8441580	1	0.0194
8503920	0	0.0
8525400	1	0.0389
8586840	0	0.0
8606880	1	0.1073
8674500	0	0.0
8683500	1	0.1332
8755620	0	0.0
8787060	1	0.1499
8843580	0	0.0
8873280	1	0.1242
8929560	0	0.0
8952420	1	0.0637
9014280	0	0.0
9038100	1	0.0205
9191280	0	0.0
9203700	1	0.0766
9277920	0	0.0
9306240	1	0.1769
9356460	0	0.0
9372960	1	0.0572
9449820	0	0.0
9478620	1	0.0653
9616020	0	0.0
9638700	1	0.0297
9788820	0	0.0
9813060	1	0.0803
9880980	0	0.0
9918060	1	0.0594
9963360	0	0.0
9991980	1	0.0913
10053180	0	0.0
10084140	1	0.1044
10136520	0	0.0
10165500	1	0.2123
10230000	0	0.0
10244160	1	0.0412
10394940	0	0.0
10433460	1	0.0841
10483680	0	0.0
10505700	1	0.1259
10567800	0	0.0
10610220	1	0.0445
10655700	0	0.0
10669860	1	0.0856
10915800	0	0.0
10941360	1	0.0122
10998240	0	0.0
11039220	1	0.0586
11091540	0	0.0
11119140	1	0.173
11180460	0	0.0
11204040	1	0.0781
11259960	0	0.0
11287440	1	0.1243
11344380	0	0.0
11375460	1	0.1101
11433300	0	0.0
11457000	1	0.0757
11690640	0	0.0
11731620	1	0.0423
11780100	0	0.0
11815800	1	0.1009
11860020	0	0.0
11881080	1	0.0999
11949480	0	0.0
11970720	1	0.1143
12126540	0	0.0
12149640	1	0.018
12207960	0	0.0
12242520	1	0.1127
12294780	0	0.0
12338760	1	0.1429
12381540	0	0.0
12417420	1	0.1656
12470760	0	0.0
12493140	1	0.2197
12560280	0	0.0
12580260	1	0.1386
12813540	0	0.0
12836220	1	0.1868
12905700	0	0.0
12933000	1	0.0547
12986040	0	0.0
13020720	1	0.0152
13157640	0	0.0
13191900	1	0.1936
13423380	0	0.0
13443780	1	0.1864
13510500	0	0.0
13532700	1	0.2275
13590840	0	0.0
13617600	1	0.0536
13772340	0	0.0
13800180	1	0.1938
14028120	0	0.0
14061780	1	0.2545
14105220	0	0.0
14148240	1	0.0563
14192220	0	0.0
14222220	1	0.0666
14292960	0	0.0
14321640	1	0.0845
14369220	0	0.0
14399340	1	0.0306
14636700	0	0.0
14668140	1	0.1004
14718420	0	0.0
14755140	1	0.0725
14795700	0	0.0
14834880	1	0.1051
14977800	0	0.0
15006240	1	0.1841
15062640	0	0.0
15082080	1	0.0358
15142080	0	0.0
15175440	1	0.0591
15242700	0	0.0
15265260	1	0.0207
15318960	0	0.0
15350220	1	0.062
15401280	0	0.0
15439920	1	0.1568
15495960	0	0.0
15510360	1	0.0569
15572760	0	0.0
15611400	1	0.1433
15669480	0	0.0
15693720	1	0.009
15836640	0	0.0
15874740	1	0.0665
16012320	0	0.0
16047180	1	0.18
16097700	0	0.0
16120980	1	0.0447
16185300	0	0.0
16210320	1	0.0277
16451460	0	0.0
16471320	1	0.0893
16612200	0	0.0
16645980	1	0.1514
16700160	0	0.0
16737960	1	0.0512
16794060	0	0.0
16827180	1	0.096
16871760	0	0.0
16908060	1	0.0174
17226240	0	0.0
17254680	1	0.1583
17310120	0	0.0
17344920	1	0.0989
17391120	0	0.0
17425920	1	0.061
17655000	0	0.0
17686800	1	0.0904
17737500	0	0.0
17765340	1	0.1479
17827980	0	0.0
17852340	1	0.0447
17916840	0	0.0
17937660	1	0.1203
17999700	0	0.0
18012720	1	0.1515
18089880	0	0.0
18121260	1	0.0199
18258660	0	0.0
18284820	1	0.0568
18339840	0	0.0
18377400	1	0.0599
18428340	0	0.0
18456660	1	0.1742
18517560	0	0.0
18539940	1	0.2506
18602640	0	0.0
18621780	1	0.1203
18785520	0	0.0
18803100	1	0.035
18949440	0	0.0
18973920	1	0.1748
19129500	0	0.0
19154700	1	0.049
19213740	0	0.0
19237260	1	0.1379
19377360	0	0.0
19410060	1	0.0747
19643880	0	0.0
19678620	1	0.0255
19816740	0	0.0
19842840	1	0.063
19899960	0	0.0
19928880	1	0.0229
19991460	0	0.0
20021940	1	0.0402
20072160	0	0.0
20102280	1	0.1393
20165160	0	0.0
20186640	1	0.0434
20245860	0	0.0
20265720	1	0.1177
20336160	0	0.0
20356080	1	0.1301
20416560	0	0.0
20436900	1	0.1108
20506500	0	0.0
20531520	1	0.0108
20675220	0	0.0
20703240	1	0.1062
20763660	0	0.0
20791980	1	0.0783
20848020	0	0.0
20885880	1	0.0536
21197820	0	0.0
21210600	1	0.0223
21284280	0	0.0
21317580	1	0.0442
21362700	0	0.0
21399060	1	0.2077
21540360	0	0.0
21568260	1	0.1606
21627120	0	0.0
21659700	1	0.0271
21881340	0	0.0
21909840	1	0.1071
21975780	0	0.0
22014240	1	0.1166
22061520	0	0.0
22101060	1	0.1588
22145760	0	0.0
22177920	1	0.1317
22234680	0	0.0
22265700	1	0.0396
22402920	0	0.0
22432380	1	0.0224
22491120	0	0.0
22523040	1	0.0982
22575240	0	0.0
22598640	1	0.0848
22666860	0	0.0
22703100	1	0.051
22749960	0	0.0
22775040	1	0.1685
22837260	0	0.0
22861440	1	0.0587
23010900	0	0.0
23030640	1	0.0026
23095620	0	0.0
23123460	1	0.0554
23177100	0	0.0
23222940	1	0.0591
23269440	0	0.0
23285820	1	0.1342
23354520	0	0.0
23398260	1	0.1669
23440500	0	0.0
23481720	1	0.1151
23521020	0	0.0
23553120	1	0.0386
23703420	0	0.0
23735940	1	0.1044
23874420	0	0.0
23899140	1	0.1083
23957820	0	0.0
23993400	1	0.1482
24129840	0	0.0
24161880	1	0.0358
24304020	0	0.0
24335700	1	0.0964
24397920	0	0.0
24427740	1	0.2179
24483960	0	0.0
24507240	1	0.0356
24570180	0	0.0
24594360	1	0.1207
24657300	0	0.0
24678600	1	0.0538
24830520	0	0.0
24860100	1	0.0518
24905520	0	0.0
24940380	1	0.098
25000680	0	0.0
25016760	1	0.1439
25081560	0	0.0
25107120	1	0.064
25256280	0	0.0
25282260	1	0.1518
25521060	0	0.0
25540860	1	0.1018
25860780	0	0.0
25885980	1	0.0826
26129220	0	0.0
26160060	1	0.084
26208420	0	0.0
26251920	1	0.1064
26295180	0	0.0
26326080	1	0.1734
26554620	0	0.0
26588640	1	0.063
26725800	0	0.0
26763180	1	0.2344
26809560	0	0.0
26838660	1	0.0965
26985000	0	0.0
27011820	1	0.0256
27080640	0	0.0
27088500	1	0.1549
27157860	0	0.0
27178920	1	0.0304
27245100	0	0.0
27272640	1	0.0115
27339840	0	0.0
27352380	1	0.1714
27410460	0	0.0
27453420	1	0.0408
27508560	0	0.0
27524100	1	0.099
27587220	0	0.0
27607680	1	0.0817
27850500	0	0.0
27884160	1	0.0508
27936720	0	0.0
27974160	1	0.0952
28020540	0	0.0
28054380	1	0.1025
28117020	0	0.0
28120560	1	0.0809
28196820	0	0.0
28225320	1	0.0384
28283520	0	0.0
28313100	1	0.0487
28363380	0	0.0
28398540	1	0.0075
28549200	0	0.0
28567440	1	0.1187
28711560	0	0.0
28743000	1	0.0425
28794840	0	0.0
28831920	1	0.2258
28888500	0	0.0
28907940	1	0.1613
29147160	0	0.0
29191620	1	0.1181
29222700	0	0.0
29257020	1	0.0661
29317860	0	0.0
29347620	1	0.0643
29491920	0	0.0
29527020	1	0.0236
29580600	0	0.0
29601660	1	0.0274
29662980	0	0.0
29692200	1	0.0229
29750880	0	0.0
29793420	1	0.0323
29844900	0	0.0
29867100	1	0.0546
30007200	0	0.0
30043500	1	0.1282
30092820	0	0.0
30122460	1	0.1229
30268200	0	0.0
30297720	1	0.0173
30355140	0	0.0
30380520	1	0.1147
30527280	0	0.0
30540720	1	0.1952
30616440	0	0.0
30647940	1	0.1013
30705300	0	0.0
30722340	1	0.1256
30783060	0	0.0
30819300	1	0.045
30963480	0	0.0
30983700	1	0.0788
31045200	0	0.0
31071480	1	0.0536
31132140	0	0.0
31161240	1	0.0909
31221360	0	0.0
31255680	1	0.0968
31309860	0	0.0
31332060	1	0.229
31387080	0	0.0
31422000	1	0.0136
31475220	0	0.0
31516140	1	0.0663
