#1
# BEV Profile
# ID: 78
# Created: 2023-08-24 13:57:45.750304
# This table contains boolean values. Each value is valid for the time interval until next data point.
float	data(529,3)
0	1	0.0
27600	0	0.0
60780	1	0.1207
114120	0	0.0
139440	1	0.1114
199020	0	0.0
232380	1	0.0291
287700	0	0.0
322140	1	0.0626
459540	0	0.0
492480	1	0.204
642180	0	0.0
673680	1	0.097
716940	0	0.0
749400	1	0.1167
805440	0	0.0
823800	1	0.069
892020	0	0.0
920040	1	0.1238
978420	0	0.0
1013100	1	0.2099
1410720	0	0.0
1431600	1	0.1992
1503120	0	0.0
1528740	1	0.1938
1584840	0	0.0
1616040	1	0.1814
1670160	0	0.0
1707420	1	0.0286
1838880	0	0.0
1871880	1	0.0984
1921260	0	0.0
1958460	1	0.0931
2015940	0	0.0
2058360	1	0.2125
2104920	0	0.0
2135280	1	0.2585
2188320	0	0.0
2213940	1	0.1038
2276940	0	0.0
2307540	1	0.1577
2442180	0	0.0
2487900	1	0.1165
2536980	0	0.0
2565720	1	0.1597
2628060	0	0.0
2656740	1	0.0726
2704500	0	0.0
2741160	1	0.03
2786280	0	0.0
2817240	1	0.1134
2886540	0	0.0
2900640	1	0.1347
3141300	0	0.0
3162000	1	0.1383
3223020	0	0.0
3239760	1	0.1245
3397080	0	0.0
3427440	1	0.0963
3575160	0	0.0
3600000	1	0.0304
3735300	0	0.0
3767880	1	0.0338
3822180	0	0.0
3869280	1	0.0409
3991380	0	0.0
4040820	1	0.0528
4088700	0	0.0
4121340	1	0.1298
4177200	0	0.0
4198800	1	0.0699
4351980	0	0.0
4384320	1	0.1615
4438080	0	0.0
4455840	1	0.2582
4528560	0	0.0
4553760	1	0.163
4606260	0	0.0
4634820	1	0.2005
4776960	0	0.0
4823220	1	0.0325
4952280	0	0.0
4971420	1	0.2455
5041320	0	0.0
5067120	1	0.2078
5127420	0	0.0
5149740	1	0.1715
5218800	0	0.0
5248200	1	0.0191
5383800	0	0.0
5415420	1	0.1215
5475600	0	0.0
5497020	1	0.0889
5560680	0	0.0
5589660	1	0.1528
5645700	0	0.0
5683320	1	0.1702
5729280	0	0.0
5770800	1	0.2051
5813880	0	0.0
5860560	1	0.2426
5906700	0	0.0
5932980	1	0.0647
5989920	0	0.0
6024000	1	0.0407
6079980	0	0.0
6108000	1	0.1247
6161820	0	0.0
6182940	1	0.203
6261360	0	0.0
6278460	1	0.1694
6503280	0	0.0
6539040	1	0.2964
6596760	0	0.0
6621180	1	0.0928
6763440	0	0.0
6802620	1	0.3031
6850560	0	0.0
6875640	1	0.2266
6939720	0	0.0
6961560	1	0.1302
7023960	0	0.0
7044360	1	0.2064
7108260	0	0.0
7135680	1	0.1713
7377240	0	0.0
7411500	1	0.0385
7460520	0	0.0
7486860	1	0.0338
7549260	0	0.0
7572780	1	0.062
7634280	0	0.0
7667820	1	0.0314
7717320	0	0.0
7757760	1	0.1715
7806000	0	0.0
7842600	1	0.0284
7895040	0	0.0
7923600	1	0.0785
7978380	0	0.0
8002680	1	0.1751
8059020	0	0.0
8085060	1	0.0751
8229540	0	0.0
8258100	1	0.0135
8320620	0	0.0
8357580	1	0.168
8409120	0	0.0
8441160	1	0.0824
8495580	0	0.0
8527440	1	0.0894
8582040	0	0.0
8597580	1	0.1152
8659320	0	0.0
8689140	1	0.0075
8762580	0	0.0
8793360	1	0.2709
8927100	0	0.0
8961960	1	0.164
9011460	0	0.0
9042840	1	0.0536
9097260	0	0.0
9123780	1	0.1844
9186540	0	0.0
9222600	1	0.1981
9268740	0	0.0
9304200	1	0.0853
9451380	0	0.0
9462960	1	0.1879
9536700	0	0.0
9561900	1	0.3582
9705120	0	0.0
9733920	1	0.1875
9969540	0	0.0
9993780	1	0.0579
10136100	0	0.0
10170720	1	0.0439
10313940	0	0.0
10330380	1	0.1302
10399320	0	0.0
10414860	1	0.2227
10482660	0	0.0
10500000	1	0.157
10656120	0	0.0
10672020	1	0.1689
10740180	0	0.0
10777140	1	0.0767
10923000	0	0.0
10946520	1	0.1249
11000760	0	0.0
11032920	1	0.1259
11084520	0	0.0
11119260	1	0.1726
11176260	0	0.0
11201700	1	0.0359
11263020	0	0.0
11297940	1	0.0513
11426520	0	0.0
11462160	1	0.0509
11516520	0	0.0
11552460	1	0.0997
11771940	0	0.0
11821440	1	0.162
11953560	0	0.0
11968020	1	0.1028
12209820	0	0.0
12239340	1	0.1533
12398520	0	0.0
12409320	1	0.1088
12477000	0	0.0
12501540	1	0.067
12819060	0	0.0
12845580	1	0.175
12902220	0	0.0
12927180	1	0.0631
12993780	0	0.0
13009860	1	0.1435
13075140	0	0.0
13121340	1	0.1625
13166220	0	0.0
13198560	1	0.0127
13333620	0	0.0
13374960	1	0.0785
13510020	0	0.0
13538760	1	0.1842
13673700	0	0.0
13698240	1	0.0682
13767180	0	0.0
13785780	1	0.1423
13938300	0	0.0
13964580	1	0.1436
14030760	0	0.0
14038800	1	0.1077
14113500	0	0.0
14146380	1	0.2001
14197800	0	0.0
14228760	1	0.1007
14284380	0	0.0
14311920	1	0.0739
14370240	0	0.0
14404020	1	0.0815
14546520	0	0.0
14577120	1	0.0507
14635920	0	0.0
14661540	1	0.0561
14720700	0	0.0
14747460	1	0.181
14805300	0	0.0
14838660	1	0.0643
14892120	0	0.0
14918100	1	0.1784
14977500	0	0.0
15007560	1	0.1577
15055140	0	0.0
15097680	1	0.1285
15142260	0	0.0
15167940	1	0.1447
15235440	0	0.0
15262920	1	0.2178
15320760	0	0.0
15337320	1	0.1732
15406980	0	0.0
15441900	1	0.1626
15577560	0	0.0
15606600	1	0.099
15667440	0	0.0
15683220	1	0.1239
15748800	0	0.0
15784740	1	0.0169
15836280	0	0.0
15860520	1	0.1792
15928620	0	0.0
15956160	1	0.1811
16006500	0	0.0
16043520	1	0.1309
16101060	0	0.0
16128840	1	0.2329
16267800	0	0.0
16304880	1	0.1656
16364100	0	0.0
16384680	1	0.1271
16443420	0	0.0
16471920	1	0.1436
16531080	0	0.0
16552200	1	0.2277
16615740	0	0.0
16650000	1	0.0614
16703160	0	0.0
16725420	1	0.1487
16785960	0	0.0
16800480	1	0.086
16878000	0	0.0
16905360	1	0.0867
17059020	0	0.0
17071920	1	0.043
17136120	0	0.0
17166240	1	0.0908
17217600	0	0.0
17245980	1	0.0448
17305860	0	0.0
17331960	1	0.1266
17394840	0	0.0
17432820	1	0.2467
17480220	0	0.0
17506980	1	0.1399
17655900	0	0.0
17670780	1	0.2738
17824920	0	0.0
17866080	1	0.1818
17995620	0	0.0
18022620	1	0.0264
18081300	0	0.0
18121500	1	0.028
18257100	0	0.0
18294660	1	0.1158
18346380	0	0.0
18384660	1	0.0208
18433500	0	0.0
18461760	1	0.1798
18512340	0	0.0
18546900	1	0.0792
18606360	0	0.0
18634740	1	0.1678
19043760	0	0.0
19074120	1	0.2269
19121280	0	0.0
19145220	1	0.045
19210320	0	0.0
19247100	1	0.1966
19555320	0	0.0
19587900	1	0.1839
19642620	0	0.0
19672200	1	0.0865
19733100	0	0.0
19755360	1	0.1482
19815960	0	0.0
19830960	1	0.1044
19900260	0	0.0
19921320	1	0.1247
19988880	0	0.0
20019360	1	0.0703
20072700	0	0.0
20100780	1	0.1227
20159820	0	0.0
20200620	1	0.0522
20333160	0	0.0
20358120	1	0.1288
20424720	0	0.0
20444340	1	0.0459
20591520	0	0.0
20613720	1	0.0611
20678700	0	0.0
20700720	1	0.2218
20847720	0	0.0
20869620	1	0.1521
20942460	0	0.0
20962980	1	0.1496
21018240	0	0.0
21040320	1	0.2063
21110940	0	0.0
21132900	1	0.0775
21196020	0	0.0
21223200	1	0.156
21282300	0	0.0
21322440	1	0.2036
21368820	0	0.0
21396180	1	0.1841
21456600	0	0.0
21482760	1	0.0111
21540240	0	0.0
21576840	1	0.1908
21629340	0	0.0
21645360	1	0.2081
21713880	0	0.0
21749280	1	0.0705
21890940	0	0.0
21908220	1	0.1816
22064880	0	0.0
22085460	1	0.197
22138860	0	0.0
22171560	1	0.1399
22232940	0	0.0
22277400	1	0.0856
22403340	0	0.0
22437180	1	0.0966
22494780	0	0.0
22517100	1	0.2154
22577460	0	0.0
22602360	1	0.0964
22666440	0	0.0
22678140	1	0.2065
22749480	0	0.0
22772880	1	0.177
22840680	0	0.0
22858980	1	0.0487
22927680	0	0.0
22950060	1	0.1207
23015760	0	0.0
23035080	1	0.0431
23100720	0	0.0
23111220	1	0.0711
23179380	0	0.0
23213880	1	0.2054
23267340	0	0.0
23298240	1	0.2061
23441640	0	0.0
23470200	1	0.1315
23698800	0	0.0
23743020	1	0.1995
23874840	0	0.0
23904780	1	0.2347
24042000	0	0.0
24072300	1	0.1089
24220740	0	0.0
24252120	1	0.1208
24310260	0	0.0
24327180	1	0.2364
24391800	0	0.0
24420720	1	0.1522
24565320	0	0.0
24610080	1	0.1371
24912840	0	0.0
24929160	1	0.0908
24999360	0	0.0
25009380	1	0.108
25077780	0	0.0
25109760	1	0.0445
25173960	0	0.0
25187760	1	0.0767
25358520	0	0.0
25372980	1	0.084
25523460	0	0.0
25547340	1	0.1302
25605240	0	0.0
25635420	1	0.2524
25694340	0	0.0
25732020	1	0.0595
25772460	0	0.0
25805880	1	0.0526
25948980	0	0.0
25981140	1	0.0293
26032800	0	0.0
26061120	1	0.055
26120460	0	0.0
26163420	1	0.2119
26208540	0	0.0
26239260	1	0.1222
26294580	0	0.0
26310120	1	0.0264
26384940	0	0.0
26400660	1	0.0892
26469180	0	0.0
26503680	1	0.1331
26552820	0	0.0
26588220	1	0.1119
26638860	0	0.0
26668500	1	0.0844
26724300	0	0.0
26762160	1	0.1806
26808840	0	0.0
26833320	1	0.0564
26898660	0	0.0
26924880	1	0.1892
26979720	0	0.0
27002400	1	0.2827
27068880	0	0.0
27099420	1	0.1114
27153120	0	0.0
27185640	1	0.107
27326820	0	0.0
27355140	1	0.0962
27504780	0	0.0
27526800	1	0.1661
27588480	0	0.0
27623580	1	0.1804
27670920	0	0.0
27714180	1	0.1925
27942660	0	0.0
27963840	1	0.1156
28366140	0	0.0
28395360	1	0.1224
28455180	0	0.0
28482840	1	0.0601
28549920	0	0.0
28564620	1	0.1176
28625700	0	0.0
28653840	1	0.2716
28708020	0	0.0
28753080	1	0.2041
28799100	0	0.0
28837020	1	0.208
28885500	0	0.0
28920360	1	0.3251
28974900	0	0.0
29000580	1	0.063
29147160	0	0.0
29181720	1	0.1075
29317440	0	0.0
29351520	1	0.2264
29410200	0	0.0
29435820	1	0.1272
29837760	0	0.0
29865180	1	0.0766
30014340	0	0.0
30030660	1	0.2446
30095460	0	0.0
30124680	1	0.1989
30185820	0	0.0
30213000	1	0.105
30352140	0	0.0
30391920	1	0.1344
30445140	0	0.0
30459600	1	0.1131
30613800	0	0.0
30649800	1	0.1393
30695100	0	0.0
30735060	1	0.1509
30784680	0	0.0
30810720	1	0.0387
30960060	0	0.0
30992100	1	0.1161
31133820	0	0.0
31159320	1	0.1828
31212900	0	0.0
31251540	1	0.0932
31392480	0	0.0
31410900	1	0.0592
31477380	0	0.0
31497900	1	0.0795
