#1
# BEV Profile
# ID: 6
# Created: 2023-08-24 13:57:44.781554
# This table contains boolean values. Each value is valid for the time interval until next data point.
float	data(529,3)
0	1	0.0
113280	0	0.0
147300	1	0.108
201240	0	0.0
229740	1	0.2428
280800	0	0.0
314280	1	0.0628
451740	0	0.0
488340	1	0.2215
630060	0	0.0
652380	1	0.0319
720660	0	0.0
752880	1	0.0352
807360	0	0.0
835380	1	0.1925
895140	0	0.0
917460	1	0.2458
980580	0	0.0
1007940	1	0.0483
1069500	0	0.0
1089960	1	0.2217
1155600	0	0.0
1177380	1	0.0226
1413540	0	0.0
1440840	1	0.2744
1500180	0	0.0
1523100	1	0.1235
1580820	0	0.0
1624380	1	0.285
1666500	0	0.0
1703040	1	0.0952
1756440	0	0.0
1778160	1	0.0795
1927200	0	0.0
1966320	1	0.281
2105520	0	0.0
2151960	1	0.1858
2186700	0	0.0
2215320	1	0.2166
2362740	0	0.0
2385360	1	0.0721
2443320	0	0.0
2494320	1	0.079
2531280	0	0.0
2564520	1	0.0426
2617740	0	0.0
2653860	1	0.1316
2703060	0	0.0
2728680	1	0.0971
2794260	0	0.0
2815980	1	0.0142
2883120	0	0.0
2922420	1	0.1207
3136860	0	0.0
3162720	1	0.3544
3314220	0	0.0
3349440	1	0.228
3399360	0	0.0
3440160	1	0.0773
3657720	0	0.0
3696720	1	0.0222
3741600	0	0.0
3771120	1	0.099
3922500	0	0.0
3953520	1	0.1923
4002240	0	0.0
4030680	1	0.2372
4096140	0	0.0
4122660	1	0.3174
4344540	0	0.0
4379940	1	0.2143
4426080	0	0.0
4464180	1	0.2035
4519500	0	0.0
4550100	1	0.0909
4618500	0	0.0
4639440	1	0.1207
4693620	0	0.0
4710840	1	0.2023
4868640	0	0.0
4902360	1	0.03
4948020	0	0.0
4972140	1	0.1166
5040840	0	0.0
5065680	1	0.1872
5127960	0	0.0
5157360	1	0.1758
5214960	0	0.0
5239380	1	0.1351
5302320	0	0.0
5319600	1	0.3147
5473200	0	0.0
5492400	1	0.0579
5552700	0	0.0
5589900	1	0.1923
5639340	0	0.0
5683260	1	0.37
5734140	0	0.0
5758860	1	0.1046
5819460	0	0.0
5845620	1	0.2344
5903520	0	0.0
5935320	1	0.1322
5994900	0	0.0
6019320	1	0.1049
6078780	0	0.0
6092640	1	0.0941
6167040	0	0.0
6186120	1	0.3782
6246900	0	0.0
6282900	1	0.3166
6346560	0	0.0
6349740	1	0.124
6424680	0	0.0
6442620	1	0.13
6512820	0	0.0
6534600	1	0.1205
6681900	0	0.0
6709680	1	0.0299
6770760	0	0.0
6802380	1	0.213
6945000	0	0.0
6978240	1	0.0591
7032360	0	0.0
7059180	1	0.1949
7113660	0	0.0
7143000	1	0.2952
7374180	0	0.0
7404180	1	0.1379
7462500	0	0.0
7492260	1	0.3079
7550460	0	0.0
7598700	1	0.041
7631220	0	0.0
7652220	1	0.1566
7801080	0	0.0
7832820	1	0.1481
7977960	0	0.0
8003280	1	0.0519
8063220	0	0.0
8087820	1	0.1286
8152980	0	0.0
8172780	1	0.3324
8235120	0	0.0
8270100	1	0.2201
8407980	0	0.0
8435880	1	0.1768
8581080	0	0.0
8621340	1	0.2973
8750520	0	0.0
8769360	1	0.1187
8845380	0	0.0
8868660	1	0.1726
9100020	0	0.0
9133680	1	0.0608
9188340	0	0.0
9221760	1	0.1644
9362400	0	0.0
9399300	1	0.2414
9446880	0	0.0
9468540	1	0.0898
9527220	0	0.0
9556380	1	0.3391
9615300	0	0.0
9657900	1	0.2284
9797040	0	0.0
9831000	1	0.1578
9880560	0	0.0
9899520	1	0.3535
10045620	0	0.0
10077780	1	0.1441
10135860	0	0.0
10156500	1	0.0481
10391220	0	0.0
10431960	1	0.1549
10485420	0	0.0
10505280	1	0.2242
10567080	0	0.0
10598460	1	0.3312
10663980	0	0.0
10690740	1	0.2432
10743420	0	0.0
10762320	1	0.2069
10831500	0	0.0
10861440	1	0.1012
10912740	0	0.0
10936680	1	0.0626
10995600	0	0.0
11029980	1	0.0129
11087760	0	0.0
11115840	1	0.0597
11173800	0	0.0
11202780	1	0.0449
11259840	0	0.0
11285700	1	0.2253
11434740	0	0.0
11465160	1	0.1284
11515920	0	0.0
11541120	1	0.0414
11605920	0	0.0
11643720	1	0.0345
11696160	0	0.0
11726100	1	0.0333
11779200	0	0.0
11810520	1	0.058
11860800	0	0.0
11898780	1	0.1214
11946780	0	0.0
11983620	1	0.4139
12123300	0	0.0
12153600	1	0.0432
12210840	0	0.0
12240600	1	0.2862
12302340	0	0.0
12334560	1	0.1922
12387720	0	0.0
12428100	1	0.3354
12562020	0	0.0
12580860	1	0.2392
12642000	0	0.0
12680640	1	0.0936
12731520	0	0.0
12755760	1	0.0173
12819240	0	0.0
12837660	1	0.1291
12987960	0	0.0
13027500	1	0.1673
13069260	0	0.0
13101240	1	0.1606
13157580	0	0.0
13182180	1	0.0639
13335120	0	0.0
13351560	1	0.0676
13418940	0	0.0
13450860	1	0.0802
13510680	0	0.0
13527960	1	0.0469
13596840	0	0.0
13621860	1	0.2515
13681380	0	0.0
13704840	1	0.0669
13762320	0	0.0
13785000	1	0.2046
13851120	0	0.0
13880700	1	0.092
13943340	0	0.0
13966680	1	0.049
14023860	0	0.0
14048400	1	0.1304
14116020	0	0.0
14138700	1	0.2375
14194980	0	0.0
14222100	1	0.127
14288880	0	0.0
14311020	1	0.136
14630160	0	0.0
14669160	1	0.1909
14718360	0	0.0
14737800	1	0.1932
14800920	0	0.0
14830320	1	0.1408
14888460	0	0.0
14920680	1	0.1843
15234600	0	0.0
15256560	1	0.1836
15325860	0	0.0
15348600	1	0.1407
15409920	0	0.0
15436080	1	0.1241
15491760	0	0.0
15524820	1	0.0959
15751320	0	0.0
15780180	1	0.1335
15837660	0	0.0
15875100	1	0.0885
15936180	0	0.0
15950460	1	0.3054
16012200	0	0.0
16038900	1	0.2423
16102680	0	0.0
16128780	1	0.2552
16180020	0	0.0
16209240	1	0.1496
16268580	0	0.0
16305120	1	0.0466
16356060	0	0.0
16384140	1	0.1524
16447980	0	0.0
16480620	1	0.3094
16620420	0	0.0
16654560	1	0.3066
17043480	0	0.0
17078760	1	0.089
17141700	0	0.0
17162520	1	0.1815
17221560	0	0.0
17261880	1	0.207
17391000	0	0.0
17425320	1	0.204
17480760	0	0.0
17511960	1	0.0301
17652540	0	0.0
17685480	1	0.1993
17829600	0	0.0
17862240	1	0.1297
17911980	0	0.0
17944560	1	0.1387
18001320	0	0.0
18031740	1	0.0575
18179040	0	0.0
18206700	1	0.1182
18264120	0	0.0
18286680	1	0.3119
18347820	0	0.0
18365520	1	0.1371
18432420	0	0.0
18459900	1	0.1308
18520800	0	0.0
18556560	1	0.1248
18600240	0	0.0
18637680	1	0.4034
18774000	0	0.0
18810780	1	0.0881
18865980	0	0.0
18884340	1	0.1228
19120020	0	0.0
19149060	1	0.0191
19215060	0	0.0
19244460	1	0.1029
19468560	0	0.0
19499640	1	0.1711
19548780	0	0.0
19591320	1	0.1368
19644540	0	0.0
19665900	1	0.1266
19723380	0	0.0
19745520	1	0.0466
19814100	0	0.0
19851120	1	0.4335
20072580	0	0.0
20109960	1	0.2653
20161920	0	0.0
20178060	1	0.1007
20332980	0	0.0
20363700	1	0.0398
20422440	0	0.0
20445780	1	0.2503
20679240	0	0.0
20707260	1	0.2966
20766720	0	0.0
20781480	1	0.1301
20851380	0	0.0
20886000	1	0.2219
21028680	0	0.0
21054480	1	0.1911
21373440	0	0.0
21399660	1	0.3668
21455520	0	0.0
21485220	1	0.0641
21543600	0	0.0
21563460	1	0.1774
21631500	0	0.0
21661440	1	0.1476
21713460	0	0.0
21731280	1	0.0925
21889080	0	0.0
21922500	1	0.1276
21972600	0	0.0
22017720	1	0.1185
22062660	0	0.0
22098480	1	0.1628
22152180	0	0.0
22178700	1	0.243
22229340	0	0.0
22264980	1	0.2145
22321140	0	0.0
22347060	1	0.0803
22408920	0	0.0
22437000	1	0.1168
22489980	0	0.0
22516800	1	0.0819
22576320	0	0.0
22598040	1	0.1971
22659120	0	0.0
22692600	1	0.2358
22756200	0	0.0
22774800	1	0.2009
22926660	0	0.0
22959960	1	0.0723
23008740	0	0.0
23036760	1	0.1818
23099280	0	0.0
23120520	1	0.2188
23274360	0	0.0
23300040	1	0.1936
23353140	0	0.0
23383200	1	0.0133
23443920	0	0.0
23466540	1	0.0708
23793120	0	0.0
23826480	1	0.2074
23876280	0	0.0
23897400	1	0.2315
23962320	0	0.0
24004500	1	0.2119
24045000	0	0.0
24072720	1	0.2546
24220440	0	0.0
24257160	1	0.0914
24308460	0	0.0
24332040	1	0.2227
24479940	0	0.0
24510240	1	0.1118
24570480	0	0.0
24592080	1	0.295
24741240	0	0.0
24757200	1	0.0033
24918540	0	0.0
24936840	1	0.1611
24999000	0	0.0
25017780	1	0.2668
25172340	0	0.0
25198560	1	0.0873
25261260	0	0.0
25288500	1	0.0963
25342680	0	0.0
25370940	1	0.1689
25597740	0	0.0
25630140	1	0.3593
25777620	0	0.0
25804020	1	0.1253
25860240	0	0.0
25896120	1	0.1429
25956180	0	0.0
25970880	1	0.055
26121420	0	0.0
26142840	1	0.2674
26205420	0	0.0
26229360	1	0.0239
26376900	0	0.0
26404320	1	0.1556
26467740	0	0.0
26500380	1	0.2219
26554320	0	0.0
26565960	1	0.0361
26642400	0	0.0
26661360	1	0.064
26718000	0	0.0
26755260	1	0.1419
26984580	0	0.0
27000840	1	0.1656
27076260	0	0.0
27100380	1	0.2184
27159720	0	0.0
27192300	1	0.1074
27325440	0	0.0
27358380	1	0.0474
27420420	0	0.0
27450180	1	0.1583
27504420	0	0.0
27528660	1	0.263
27589380	0	0.0
27611160	1	0.1135
27679140	0	0.0
27694440	1	0.2656
27764520	0	0.0
27804360	1	0.0579
28024920	0	0.0
28049880	1	0.1794
28109520	0	0.0
28141980	1	0.2204
28199040	0	0.0
28213260	1	0.3365
28286280	0	0.0
28318560	1	0.2019
28545900	0	0.0
28562160	1	0.1964
28626420	0	0.0
28649640	1	0.0417
28719420	0	0.0
28743600	1	0.0976
28883760	0	0.0
28916100	1	0.1167
28976340	0	0.0
29003100	1	0.0492
29148720	0	0.0
29186520	1	0.1468
29316060	0	0.0
29359320	1	0.1347
29405100	0	0.0
29443920	1	0.0557
29746980	0	0.0
29787660	1	0.1184
29840160	0	0.0
29869860	1	0.1718
29919540	0	0.0
29950680	1	0.2876
30098820	0	0.0
30126840	1	0.2086
30269700	0	0.0
30285240	1	0.0306
30356820	0	0.0
30369060	1	0.3332
30441780	0	0.0
30467280	1	0.0716
30529920	0	0.0
30550080	1	0.2935
30605340	0	0.0
30636300	1	0.095
30700560	0	0.0
30721560	1	0.3981
30788820	0	0.0
30828420	1	0.1016
30877920	0	0.0
30906720	1	0.0344
30954540	0	0.0
30987240	1	0.1733
31046760	0	0.0
31081980	1	0.1944
31129800	0	0.0
31155480	1	0.344
31218540	0	0.0
31233960	1	0.0833
31307580	0	0.0
31336560	1	0.2504
31389600	0	0.0
31416060	1	0.0848
31477500	0	0.0
31503780	1	0.1235
