#1
# BEV Profile
# ID: 32
# Created: 2023-08-24 13:57:45.125305
# This table contains boolean values. Each value is valid for the time interval until next data point.
float	data(529,3)
0	1	0.0
27600	0	0.0
51360	1	0.0848
116760	0	0.0
153180	1	0.2001
202140	0	0.0
229260	1	0.1212
291300	0	0.0
312660	1	0.0825
380340	0	0.0
392100	1	0.1139
464340	0	0.0
492660	1	0.0265
544920	0	0.0
579480	1	0.0512
719640	0	0.0
745020	1	0.1398
811500	0	0.0
833580	1	0.0987
888360	0	0.0
909060	1	0.0612
977640	0	0.0
1008060	1	0.0388
1059780	0	0.0
1088400	1	0.0195
1237740	0	0.0
1265160	1	0.072
1321020	0	0.0
1355160	1	0.1548
1413600	0	0.0
1433820	1	0.017
1497960	0	0.0
1527660	1	0.0963
1583580	0	0.0
1611180	1	0.142
1671180	0	0.0
1697700	1	0.1908
1844280	0	0.0
1885140	1	0.062
1927860	0	0.0
1963320	1	0.0505
2014020	0	0.0
2041260	1	0.1659
2099880	0	0.0
2127420	1	0.1369
2185740	0	0.0
2219700	1	0.0431
2278740	0	0.0
2319240	1	0.0605
2709600	0	0.0
2751480	1	0.1111
2883060	0	0.0
2913420	1	0.1028
2964360	0	0.0
3001920	1	0.0245
3140220	0	0.0
3177900	1	0.0414
3226440	0	0.0
3261720	1	0.168
3308340	0	0.0
3349020	1	0.0605
3396000	0	0.0
3435420	1	0.1228
3489960	0	0.0
3506160	1	0.0979
3745560	0	0.0
3771720	1	0.0909
3836700	0	0.0
3853020	1	0.1226
3911700	0	0.0
3953400	1	0.0712
4000140	0	0.0
4033260	1	0.0284
4433040	0	0.0
4464540	1	0.0695
4520700	0	0.0
4553400	1	0.0682
4611540	0	0.0
4635300	1	0.1067
4872120	0	0.0
4895520	1	0.0231
4959660	0	0.0
4988460	1	0.033
5038800	0	0.0
5058000	1	0.0349
5122680	0	0.0
5154060	1	0.1135
5217720	0	0.0
5232660	1	0.153
5301180	0	0.0
5320920	1	0.0122
5378460	0	0.0
5406600	1	0.0304
5558580	0	0.0
5585700	1	0.2376
5637240	0	0.0
5672940	1	0.0608
5734140	0	0.0
5755140	1	0.0119
5819580	0	0.0
5828400	1	0.072
5909940	0	0.0
5919540	1	0.0935
6072480	0	0.0
6099960	1	0.0232
6171000	0	0.0
6186360	1	0.0596
6250620	0	0.0
6277140	1	0.0228
6335160	0	0.0
6362160	1	0.1068
6421380	0	0.0
6434700	1	0.1598
6510960	0	0.0
6538260	1	0.0507
6595380	0	0.0
6620820	1	0.078
6769080	0	0.0
6799680	1	0.0555
6852300	0	0.0
6878160	1	0.1187
6944700	0	0.0
6970320	1	0.0995
7023000	0	0.0
7054860	1	0.1042
7109880	0	0.0
7142820	1	0.1127
7370760	0	0.0
7396740	1	0.0496
7462080	0	0.0
7499520	1	0.0855
7631760	0	0.0
7659840	1	0.2184
7712580	0	0.0
7745700	1	0.0259
7803540	0	0.0
7819740	1	0.0975
7976460	0	0.0
8010720	1	0.0829
8060940	0	0.0
8093760	1	0.0824
8151360	0	0.0
8173800	1	0.1982
8232000	0	0.0
8263440	1	0.1096
8322720	0	0.0
8353140	1	0.1455
8667300	0	0.0
8704020	1	0.0864
8757600	0	0.0
8790840	1	0.0968
8835780	0	0.0
8878380	1	0.154
8920440	0	0.0
8962920	1	0.1101
9018060	0	0.0
9026700	1	0.1028
9101760	0	0.0
9135420	1	0.0378
9178260	0	0.0
9219480	1	0.2046
9266460	0	0.0
9318900	1	0.0314
9360360	0	0.0
9400020	1	0.1354
9450660	0	0.0
9478560	1	0.1138
9539460	0	0.0
9558960	1	0.0639
9786000	0	0.0
9824340	1	0.0365
9883020	0	0.0
9916860	1	0.1811
9961980	0	0.0
9990720	1	0.2253
10048200	0	0.0
10084620	1	0.0784
10139520	0	0.0
10166940	1	0.0384
10222260	0	0.0
10249920	1	0.0169
10314840	0	0.0
10342320	1	0.1033
10394760	0	0.0
10422300	1	0.1051
10480800	0	0.0
10519140	1	0.0418
10573080	0	0.0
10599720	1	0.0537
10654020	0	0.0
10694940	1	0.0238
10744380	0	0.0
10776120	1	0.2989
10916040	0	0.0
10940100	1	0.0675
11001540	0	0.0
11046360	1	0.112
11081820	0	0.0
11111520	1	0.1561
11170200	0	0.0
11207040	1	0.0671
11436600	0	0.0
11467140	1	0.0319
11515500	0	0.0
11546100	1	0.01
11608260	0	0.0
11643300	1	0.0692
11695320	0	0.0
11719440	1	0.2139
11782560	0	0.0
11814480	1	0.1524
11866320	0	0.0
11890320	1	0.0293
11957160	0	0.0
11980080	1	0.0655
12121080	0	0.0
12155160	1	0.0277
12211860	0	0.0
12244200	1	0.077
12298620	0	0.0
12317400	1	0.0559
12387720	0	0.0
12390960	1	0.0955
12471900	0	0.0
12502200	1	0.1545
12558720	0	0.0
12578760	1	0.0903
12644820	0	0.0
12663600	1	0.0332
12816360	0	0.0
12829980	1	0.0816
13157040	0	0.0
13186020	1	0.0512
13249140	0	0.0
13277040	1	0.0609
13332000	0	0.0
13375380	1	0.024
13508940	0	0.0
13538220	1	0.0763
13590600	0	0.0
13623600	1	0.0998
13680840	0	0.0
13711080	1	0.0124
13764240	0	0.0
13793280	1	0.1243
14025120	0	0.0
14063460	1	0.0974
14107800	0	0.0
14133900	1	0.0919
14197980	0	0.0
14234460	1	0.129
14377980	0	0.0
14401320	1	0.2595
14633940	0	0.0
14657640	1	0.0147
14803320	0	0.0
14810400	1	0.0775
14893980	0	0.0
14919780	1	0.0083
14975160	0	0.0
14999280	1	0.0449
15063720	0	0.0
15089220	1	0.1005
15233160	0	0.0
15261120	1	0.0418
15315780	0	0.0
15354060	1	0.1257
15494760	0	0.0
15519480	1	0.1626
15582360	0	0.0
15606600	1	0.0832
15930060	0	0.0
15959820	1	0.1041
16013760	0	0.0
16026900	1	0.0729
16092060	0	0.0
16114800	1	0.1361
16185960	0	0.0
16218060	1	0.1799
16271580	0	0.0
16298640	1	0.0177
16365720	0	0.0
16391220	1	0.0388
16615080	0	0.0
16649400	1	0.1258
16704240	0	0.0
16735140	1	0.1754
16795860	0	0.0
16813860	1	0.1064
16962180	0	0.0
16984560	1	0.0686
17051040	0	0.0
17076240	1	0.1669
17140260	0	0.0
17160120	1	0.0742
17309580	0	0.0
17331480	1	0.1464
17392500	0	0.0
17424900	1	0.0547
17570520	0	0.0
17590320	1	0.0243
17658840	0	0.0
17681940	1	0.1407
17740800	0	0.0
17776560	1	0.1169
17827740	0	0.0
17860800	1	0.0951
17997660	0	0.0
18024000	1	0.0457
18262560	0	0.0
18287640	1	0.0759
18344520	0	0.0
18376740	1	0.0921
18520560	0	0.0
18541260	1	0.1437
18606720	0	0.0
18635400	1	0.0664
18774780	0	0.0
18808380	1	0.0686
18869940	0	0.0
18886020	1	0.0707
18951540	0	0.0
18980880	1	0.1428
19041000	0	0.0
19067160	1	0.1519
19118700	0	0.0
19150980	1	0.0946
19200660	0	0.0
19240080	1	0.1367
19285980	0	0.0
19328820	1	0.0736
19647960	0	0.0
19665120	1	0.0728
19725720	0	0.0
19767900	1	0.1067
19811820	0	0.0
19850520	1	0.033
19985160	0	0.0
20023860	1	0.033
20072460	0	0.0
20105520	1	0.1164
20162760	0	0.0
20189160	1	0.1323
20243700	0	0.0
20279820	1	0.0936
20329320	0	0.0
20354580	1	0.0243
20421360	0	0.0
20455260	1	0.0568
20503620	0	0.0
20528400	1	0.0426
20765040	0	0.0
20796780	1	0.1216
20850420	0	0.0
20886300	1	0.1444
20935500	0	0.0
20958480	1	0.1376
21019920	0	0.0
21053640	1	0.0609
21284520	0	0.0
21319800	1	0.091
21459660	0	0.0
21480060	1	0.1301
21537600	0	0.0
21553800	1	0.0274
21631920	0	0.0
21651960	1	0.0848
21711000	0	0.0
21756180	1	0.0598
21884280	0	0.0
21907620	1	0.0362
21973560	0	0.0
21998400	1	0.1161
22060440	0	0.0
22090080	1	0.1307
22143900	0	0.0
22168080	1	0.137
22233120	0	0.0
22255500	1	0.0239
22320900	0	0.0
22340160	1	0.1118
22404660	0	0.0
22439520	1	0.0242
22576920	0	0.0
22602840	1	0.2098
22669260	0	0.0
22704180	1	0.1667
22750440	0	0.0
22764300	1	0.0965
22849620	0	0.0
22865700	1	0.0956
22928280	0	0.0
22949760	1	0.0451
23095020	0	0.0
23128140	1	0.0996
23266020	0	0.0
23303460	1	0.0907
23355720	0	0.0
23380860	1	0.1197
23438700	0	0.0
23477100	1	0.0724
23537880	0	0.0
23559180	1	0.037
23704020	0	0.0
23732880	1	0.1414
23789340	0	0.0
23828400	1	0.1122
23962140	0	0.0
23986800	1	0.1055
24050340	0	0.0
24088140	1	0.1982
24223140	0	0.0
24248400	1	0.0409
24307740	0	0.0
24347760	1	0.0934
24396660	0	0.0
24418380	1	0.1122
24478980	0	0.0
24509280	1	0.1323
24654060	0	0.0
24671880	1	0.1161
24916320	0	0.0
24938160	1	0.1162
24998280	0	0.0
25037940	1	0.0758
25085040	0	0.0
25116540	1	0.0824
25168080	0	0.0
25197960	1	0.0828
25260240	0	0.0
25277460	1	0.0295
25349700	0	0.0
25379100	1	0.0439
25431240	0	0.0
25462740	1	0.0945
25515540	0	0.0
25535640	1	0.1047
25688100	0	0.0
25731540	1	0.1294
25772340	0	0.0
25807500	1	0.1608
25861920	0	0.0
25890840	1	0.1812
26120400	0	0.0
26148780	1	0.0405
26208000	0	0.0
26237460	1	0.0491
26375400	0	0.0
26398380	1	0.0883
26470500	0	0.0
26487600	1	0.0694
26553360	0	0.0
26583480	1	0.1035
26726220	0	0.0
26769000	1	0.1923
26982660	0	0.0
27012900	1	0.1462
27332940	0	0.0
27345240	1	0.0689
27407580	0	0.0
27446340	1	0.0982
27506760	0	0.0
27525600	1	0.0931
27669360	0	0.0
27716940	1	0.1709
27757020	0	0.0
27799020	1	0.0714
27847380	0	0.0
27878940	1	0.0291
27932820	0	0.0
27957360	1	0.0771
28106100	0	0.0
28138920	1	0.1435
28281840	0	0.0
28304520	1	0.076
28627440	0	0.0
28651920	1	0.2018
28714680	0	0.0
28744200	1	0.031
28796820	0	0.0
28830900	1	0.0353
28882200	0	0.0
28919820	1	0.0747
28968600	0	0.0
29014860	1	0.0652
29062500	0	0.0
29084400	1	0.0912
29143200	0	0.0
29185980	1	0.1455
29237220	0	0.0
29259780	1	0.0637
29317380	0	0.0
29353800	1	0.1871
29489580	0	0.0
29523180	1	0.0057
29569920	0	0.0
29618460	1	0.0732
29665320	0	0.0
29693700	1	0.0119
29747340	0	0.0
29775900	1	0.0552
29835060	0	0.0
29867580	1	0.0942
30011160	0	0.0
30035880	1	0.0764
30096540	0	0.0
30125760	1	0.0733
30353460	0	0.0
30395220	1	0.2095
30438960	0	0.0
30464100	1	0.0914
30528300	0	0.0
30552360	1	0.0787
30610440	0	0.0
30636780	1	0.051
30700140	0	0.0
30724740	1	0.0707
30958980	0	0.0
30980880	1	0.1809
31048860	0	0.0
31077240	1	0.1417
31130760	0	0.0
31163880	1	0.0582
31300800	0	0.0
31325400	1	0.1413
31386900	0	0.0
31407480	1	0.0118
31482780	0	0.0
31509300	1	0.0444
